524453158 RosenbrockR1 -30,30,390,1
1880026316 WeierstrassW1 -0.5,0.5,90,1
1225605784 SchwefelS1 -100,100,-310,0.01
1202486927 GriewankG1 -600,600,-180,1
1170776343 RastriginR1 -5.12,5.12,-330,1
1187404954 RastriginS1 -5,5,-211,1
852631582 SphereS1 -100,100,-450,0.001
1353614494 RosenbrockR1 -30,30,390,1
682106748 SchwefelS1 -100,100,-310,0.01
498808182 RastriginR1 -5.12,5.12,-330,1
55437432 RastriginS1 -5,5,-211,1
2090933724 SphereS1 -100,100,-450,0.001
1421700432 WeierstrassW1 -0.5,0.5,90,1
913548233 GriewankG1 -600,600,-180,1
421988862 WeierstrassW1 -0.5,0.5,90,1
13242096 RastriginR1 -5.12,5.12,-330,1
59135052 RastriginS1 -5,5,-211,1
1171781410 GriewankG1 -600,600,-180,1
1643431418 SchwefelS1 -100,100,-310,0.01
1567173351 RosenbrockR1 -30,30,390,1
1023433867 SphereS1 -100,100,-450,0.001
1671713513 SphereS1 -100,100,-450,0.001
2092247376 RastriginS1 -5,5,-211,1
504415490 SchwefelS1 -100,100,-310,0.01
1691282316 WeierstrassW1 -0.5,0.5,90,1
1944459723 RastriginR1 -5.12,5.12,-330,1
163843691 RosenbrockR1 -30,30,390,1
1240086522 GriewankG1 -600,600,-180,1
1360800782 GriewankG1 -600,600,-180,1
292481479 RastriginS1 -5,5,-211,1
1585390058 WeierstrassW1 -0.5,0.5,90,1
1873350574 SchwefelS1 -100,100,-310,0.01
1297714257 SphereS1 -100,100,-450,0.001
617473805 RosenbrockR1 -30,30,390,1
206671988 RastriginR1 -5.12,5.12,-330,1
1986751372 SphereS1 -100,100,-450,0.001
1616935933 WeierstrassW1 -0.5,0.5,90,1
1408371679 RastriginR1 -5.12,5.12,-330,1
1346596511 RosenbrockR1 -30,30,390,1
629437436 RastriginS1 -5,5,-211,1
203695188 SchwefelS1 -100,100,-310,0.01
256878637 GriewankG1 -600,600,-180,1
791506985 SphereS1 -100,100,-450,0.001
203389368 GriewankG1 -600,600,-180,1
751107910 WeierstrassW1 -0.5,0.5,90,1
406410326 RastriginR1 -5.12,5.12,-330,1
143066074 RosenbrockR1 -30,30,390,1
186075439 SchwefelS1 -100,100,-310,0.01
1127970481 RastriginS1 -5,5,-211,1
1847486037 RastriginR1 -5.12,5.12,-330,1
12742437 RosenbrockR1 -30,30,390,1
878511811 WeierstrassW1 -0.5,0.5,90,1
704431854 GriewankG1 -600,600,-180,1
504408308 SchwefelS1 -100,100,-310,0.01
1770054319 SphereS1 -100,100,-450,0.001
2035213199 RastriginS1 -5,5,-211,1
292421642 RastriginR1 -5.12,5.12,-330,1
1643729924 SchwefelS1 -100,100,-310,0.01
509186151 RosenbrockR1 -30,30,390,1
1702218039 GriewankG1 -600,600,-180,1
536513175 WeierstrassW1 -0.5,0.5,90,1
2053397241 SphereS1 -100,100,-450,0.001
110871102 RastriginS1 -5,5,-211,1
1642040937 RastriginS1 -5,5,-211,1
231385721 SphereS1 -100,100,-450,0.001
1939815161 RosenbrockR1 -30,30,390,1
2070194593 SchwefelS1 -100,100,-310,0.01
532329849 WeierstrassW1 -0.5,0.5,90,1
512737045 RastriginR1 -5.12,5.12,-330,1
1658978247 GriewankG1 -600,600,-180,1
735197303 RastriginS1 -5,5,-211,1
2025646330 GriewankG1 -600,600,-180,1
460106176 WeierstrassW1 -0.5,0.5,90,1
984486260 RastriginR1 -5.12,5.12,-330,1
1717837426 RosenbrockR1 -30,30,390,1
1789942785 SchwefelS1 -100,100,-310,0.01
2060895374 SphereS1 -100,100,-450,0.001
816113438 RosenbrockR1 -30,30,390,1
2107002869 SchwefelS1 -100,100,-310,0.01
818338669 GriewankG1 -600,600,-180,1
1924674586 WeierstrassW1 -0.5,0.5,90,1
359251012 SphereS1 -100,100,-450,0.001
135520228 RastriginS1 -5,5,-211,1
540034880 RastriginR1 -5.12,5.12,-330,1
884752824 WeierstrassW1 -0.5,0.5,90,1
643530888 RastriginS1 -5,5,-211,1
1056834289 SchwefelS1 -100,100,-310,0.01
1421664222 SphereS1 -100,100,-450,0.001
574347791 RastriginR1 -5.12,5.12,-330,1
1882526594 GriewankG1 -600,600,-180,1
1736035728 RosenbrockR1 -30,30,390,1
736449666 RosenbrockR1 -30,30,390,1
566214223 RastriginR1 -5.12,5.12,-330,1
1769132078 SchwefelS1 -100,100,-310,0.01
106755897 RastriginS1 -5,5,-211,1
10993240 SphereS1 -100,100,-450,0.001
158390649 WeierstrassW1 -0.5,0.5,90,1
1147013802 GriewankG1 -600,600,-180,1
920218071 RastriginR1 -5.12,5.12,-330,1
762601684 WeierstrassW1 -0.5,0.5,90,1
1843682066 RastriginS1 -5,5,-211,1
2027710405 SphereS1 -100,100,-450,0.001
199851601 RosenbrockR1 -30,30,390,1
1792523784 GriewankG1 -600,600,-180,1
248080877 SchwefelS1 -100,100,-310,0.01
2000752655 RosenbrockR1 -30,30,390,1
632034064 SchwefelS1 -100,100,-310,0.01
127332925 SphereS1 -100,100,-450,0.001
403269472 RastriginR1 -5.12,5.12,-330,1
489908435 WeierstrassW1 -0.5,0.5,90,1
1936213553 RastriginS1 -5,5,-211,1
1453036862 GriewankG1 -600,600,-180,1
673985747 GriewankG1 -600,600,-180,1
819376471 RastriginS1 -5,5,-211,1
1576022947 RastriginR1 -5.12,5.12,-330,1
1878931028 SphereS1 -100,100,-450,0.001
486898204 SchwefelS1 -100,100,-310,0.01
856200971 WeierstrassW1 -0.5,0.5,90,1
1494686398 RosenbrockR1 -30,30,390,1
784212625 SchwefelS1 -100,100,-310,0.01
887031705 RastriginR1 -5.12,5.12,-330,1
973490663 SphereS1 -100,100,-450,0.001
1718364172 GriewankG1 -600,600,-180,1
1198999392 RosenbrockR1 -30,30,390,1
425866543 RastriginS1 -5,5,-211,1
1602222935 WeierstrassW1 -0.5,0.5,90,1
1862453997 GriewankG1 -600,600,-180,1
1798409366 WeierstrassW1 -0.5,0.5,90,1
676679721 RastriginS1 -5,5,-211,1
315003812 SchwefelS1 -100,100,-310,0.01
1388111143 RastriginR1 -5.12,5.12,-330,1
388616402 RosenbrockR1 -30,30,390,1
946448763 SphereS1 -100,100,-450,0.001
524239970 SchwefelS1 -100,100,-310,0.01
743318054 RastriginR1 -5.12,5.12,-330,1
575616694 SphereS1 -100,100,-450,0.001
2124522025 RosenbrockR1 -30,30,390,1
516806179 GriewankG1 -600,600,-180,1
752796052 RastriginS1 -5,5,-211,1
40151834 WeierstrassW1 -0.5,0.5,90,1
1720772715 GriewankG1 -600,600,-180,1
283032296 RosenbrockR1 -30,30,390,1
296503001 RastriginR1 -5.12,5.12,-330,1
662266830 WeierstrassW1 -0.5,0.5,90,1
1582943195 SphereS1 -100,100,-450,0.001
1942977386 RastriginS1 -5,5,-211,1
611755267 SchwefelS1 -100,100,-310,0.01
225352367 GriewankG1 -600,600,-180,1
1172711871 WeierstrassW1 -0.5,0.5,90,1
2037941111 SphereS1 -100,100,-450,0.001
720639288 RosenbrockR1 -30,30,390,1
1098022505 RastriginR1 -5.12,5.12,-330,1
465194334 RastriginS1 -5,5,-211,1
710778787 SchwefelS1 -100,100,-310,0.01
780805436 GriewankG1 -600,600,-180,1
1618343417 RastriginS1 -5,5,-211,1
61240053 SphereS1 -100,100,-450,0.001
1456575036 RosenbrockR1 -30,30,390,1
1723791155 WeierstrassW1 -0.5,0.5,90,1
2008213610 SchwefelS1 -100,100,-310,0.01
866534087 RastriginR1 -5.12,5.12,-330,1
851676420 GriewankG1 -600,600,-180,1
74999935 RastriginS1 -5,5,-211,1
1733498414 SphereS1 -100,100,-450,0.001
251026941 SchwefelS1 -100,100,-310,0.01
545806341 RastriginR1 -5.12,5.12,-330,1
34653564 WeierstrassW1 -0.5,0.5,90,1
1677430344 RosenbrockR1 -30,30,390,1
2032656831 SphereS1 -100,100,-450,0.001
401198606 GriewankG1 -600,600,-180,1
1572277987 RosenbrockR1 -30,30,390,1
1387681126 RastriginR1 -5.12,5.12,-330,1
1595250729 RastriginS1 -5,5,-211,1
926141253 WeierstrassW1 -0.5,0.5,90,1
58889944 SchwefelS1 -100,100,-310,0.01
1570322036 SchwefelS1 -100,100,-310,0.01
1295373310 GriewankG1 -600,600,-180,1
1214340097 RastriginR1 -5.12,5.12,-330,1
864814771 RastriginS1 -5,5,-211,1
527321421 RosenbrockR1 -30,30,390,1
2120350834 SphereS1 -100,100,-450,0.001
280058717 WeierstrassW1 -0.5,0.5,90,1
1753415661 WeierstrassW1 -0.5,0.5,90,1
872831919 SchwefelS1 -100,100,-310,0.01
1822912705 RosenbrockR1 -30,30,390,1
215226889 GriewankG1 -600,600,-180,1
1427860064 SphereS1 -100,100,-450,0.001
614977458 RastriginR1 -5.12,5.12,-330,1
2042542865 RastriginS1 -5,5,-211,1
920922975 RastriginS1 -5,5,-211,1
1738677194 WeierstrassW1 -0.5,0.5,90,1
736437666 RosenbrockR1 -30,30,390,1
1018278745 GriewankG1 -600,600,-180,1
545587096 SphereS1 -100,100,-450,0.001
1587634143 RastriginR1 -5.12,5.12,-330,1
1592661431 SchwefelS1 -100,100,-310,0.01
353185815 SchwefelS1 -100,100,-310,0.01
1298687200 RastriginR1 -5.12,5.12,-330,1
1913636598 SphereS1 -100,100,-450,0.001
2057456081 RastriginS1 -5,5,-211,1
1637380025 WeierstrassW1 -0.5,0.5,90,1
548389678 GriewankG1 -600,600,-180,1
1741906379 RosenbrockR1 -30,30,390,1
1923723991 WeierstrassW1 -0.5,0.5,90,1
1213911984 RastriginR1 -5.12,5.12,-330,1
176431074 SphereS1 -100,100,-450,0.001
1887559854 GriewankG1 -600,600,-180,1
1211480488 RosenbrockR1 -30,30,390,1
1438796717 SchwefelS1 -100,100,-310,0.01
1433802498 RastriginS1 -5,5,-211,1
481635092 RastriginS1 -5,5,-211,1
1251321339 RastriginR1 -5.12,5.12,-330,1
2111722298 WeierstrassW1 -0.5,0.5,90,1
1700063786 SphereS1 -100,100,-450,0.001
152889521 RosenbrockR1 -30,30,390,1
737399728 GriewankG1 -600,600,-180,1
1782876240 SchwefelS1 -100,100,-310,0.01
2063252940 GriewankG1 -600,600,-180,1
1756818623 RosenbrockR1 -30,30,390,1
353598991 RastriginR1 -5.12,5.12,-330,1
1712967124 RastriginS1 -5,5,-211,1
1868320153 SchwefelS1 -100,100,-310,0.01
336587058 WeierstrassW1 -0.5,0.5,90,1
1510741102 SphereS1 -100,100,-450,0.001
848797389 RastriginS1 -5,5,-211,1
914054673 RosenbrockR1 -30,30,390,1
959148739 SphereS1 -100,100,-450,0.001
1802012754 RastriginR1 -5.12,5.12,-330,1
313147034 WeierstrassW1 -0.5,0.5,90,1
647848879 GriewankG1 -600,600,-180,1
1234285507 SchwefelS1 -100,100,-310,0.01
2118554533 RosenbrockR1 -30,30,390,1
1552996901 SchwefelS1 -100,100,-310,0.01
467486571 RastriginR1 -5.12,5.12,-330,1
1571135056 SphereS1 -100,100,-450,0.001
281263926 RastriginS1 -5,5,-211,1
1742384858 WeierstrassW1 -0.5,0.5,90,1
1722881215 GriewankG1 -600,600,-180,1
1835255791 RosenbrockR1 -30,30,390,1
9403532 SchwefelS1 -100,100,-310,0.01
180239357 GriewankG1 -600,600,-180,1
608972164 RastriginR1 -5.12,5.12,-330,1
421925481 RastriginS1 -5,5,-211,1
457244462 WeierstrassW1 -0.5,0.5,90,1
1658398391 SphereS1 -100,100,-450,0.001
2057720419 WeierstrassW1 -0.5,0.5,90,1
942338991 RosenbrockR1 -30,30,390,1
398810364 SchwefelS1 -100,100,-310,0.01
2041941998 RastriginR1 -5.12,5.12,-330,1
1238428411 SphereS1 -100,100,-450,0.001
1591655514 GriewankG1 -600,600,-180,1
1111466416 RastriginS1 -5,5,-211,1
271764515 RastriginR1 -5.12,5.12,-330,1
1387258364 GriewankG1 -600,600,-180,1
682356419 RosenbrockR1 -30,30,390,1
787123002 SchwefelS1 -100,100,-310,0.01
1277371846 RastriginS1 -5,5,-211,1
482614434 WeierstrassW1 -0.5,0.5,90,1
363021686 SphereS1 -100,100,-450,0.001
1358731049 WeierstrassW1 -0.5,0.5,90,1
1779950602 RastriginR1 -5.12,5.12,-330,1
1032435145 SphereS1 -100,100,-450,0.001
1236640444 GriewankG1 -600,600,-180,1
1531059037 RastriginS1 -5,5,-211,1
978376438 SchwefelS1 -100,100,-310,0.01
691915910 RosenbrockR1 -30,30,390,1
606124978 RastriginR1 -5.12,5.12,-330,1
1549051428 WeierstrassW1 -0.5,0.5,90,1
1937565529 RosenbrockR1 -30,30,390,1
2060645166 SchwefelS1 -100,100,-310,0.01
77934312 GriewankG1 -600,600,-180,1
1695174549 RastriginS1 -5,5,-211,1
1879260702 SphereS1 -100,100,-450,0.001
200589409 WeierstrassW1 -0.5,0.5,90,1
709545341 RastriginR1 -5.12,5.12,-330,1
2099202513 RastriginS1 -5,5,-211,1
862880304 SchwefelS1 -100,100,-310,0.01
1804077534 RosenbrockR1 -30,30,390,1
762620333 SphereS1 -100,100,-450,0.001
1761271359 GriewankG1 -600,600,-180,1
179965151 SphereS1 -100,100,-450,0.001
748126725 RastriginS1 -5,5,-211,1
280899482 RosenbrockR1 -30,30,390,1
742561926 WeierstrassW1 -0.5,0.5,90,1
60147814 SchwefelS1 -100,100,-310,0.01
1584288401 GriewankG1 -600,600,-180,1
1941120848 RastriginR1 -5.12,5.12,-330,1
1733411626 RastriginS1 -5,5,-211,1
1192347355 RastriginR1 -5.12,5.12,-330,1
1102369656 GriewankG1 -600,600,-180,1
857718997 SchwefelS1 -100,100,-310,0.01
1724725273 WeierstrassW1 -0.5,0.5,90,1
2077442701 SphereS1 -100,100,-450,0.001
1841920557 RosenbrockR1 -30,30,390,1
128594635 WeierstrassW1 -0.5,0.5,90,1
1771284318 RastriginR1 -5.12,5.12,-330,1
670816344 SchwefelS1 -100,100,-310,0.01
1613260108 RosenbrockR1 -30,30,390,1
506475658 GriewankG1 -600,600,-180,1
1227835261 RastriginS1 -5,5,-211,1
1301883447 SphereS1 -100,100,-450,0.001
1516015827 RastriginS1 -5,5,-211,1
117003830 WeierstrassW1 -0.5,0.5,90,1
848913391 RosenbrockR1 -30,30,390,1
711712312 SchwefelS1 -100,100,-310,0.01
4254005 RastriginR1 -5.12,5.12,-330,1
2105410401 GriewankG1 -600,600,-180,1
863401705 SphereS1 -100,100,-450,0.001
1135809610 RastriginR1 -5.12,5.12,-330,1
976196910 GriewankG1 -600,600,-180,1
1664263489 RosenbrockR1 -30,30,390,1
2105248208 RastriginS1 -5,5,-211,1
108281667 WeierstrassW1 -0.5,0.5,90,1
57334696 SchwefelS1 -100,100,-310,0.01
1218211992 SphereS1 -100,100,-450,0.001
157651197 GriewankG1 -600,600,-180,1
1173551335 RastriginS1 -5,5,-211,1
1633563245 SchwefelS1 -100,100,-310,0.01
590091774 RastriginR1 -5.12,5.12,-330,1
1514415077 RosenbrockR1 -30,30,390,1
420715116 SphereS1 -100,100,-450,0.001
1766968854 WeierstrassW1 -0.5,0.5,90,1
1400720635 GriewankG1 -600,600,-180,1
448117301 WeierstrassW1 -0.5,0.5,90,1
224482572 SphereS1 -100,100,-450,0.001
1216264723 RosenbrockR1 -30,30,390,1
623514461 RastriginS1 -5,5,-211,1
252107817 RastriginR1 -5.12,5.12,-330,1
1603218649 SchwefelS1 -100,100,-310,0.01
223214728 SphereS1 -100,100,-450,0.001
68659726 RastriginR1 -5.12,5.12,-330,1
1739445508 WeierstrassW1 -0.5,0.5,90,1
2145978657 GriewankG1 -600,600,-180,1
466304654 RastriginS1 -5,5,-211,1
1406104875 SchwefelS1 -100,100,-310,0.01
1132644124 RosenbrockR1 -30,30,390,1
1766231750 RastriginS1 -5,5,-211,1
1405240152 RastriginR1 -5.12,5.12,-330,1
589104391 SchwefelS1 -100,100,-310,0.01
839825967 GriewankG1 -600,600,-180,1
1910282623 SphereS1 -100,100,-450,0.001
1334434065 RosenbrockR1 -30,30,390,1
1199522493 WeierstrassW1 -0.5,0.5,90,1
1986931439 SphereS1 -100,100,-450,0.001
84333599 SchwefelS1 -100,100,-310,0.01
1959265841 RosenbrockR1 -30,30,390,1
1710448361 WeierstrassW1 -0.5,0.5,90,1
1028937243 GriewankG1 -600,600,-180,1
1175936798 RastriginS1 -5,5,-211,1
967395371 RastriginR1 -5.12,5.12,-330,1
2034907865 GriewankG1 -600,600,-180,1
152393496 SphereS1 -100,100,-450,0.001
1910392847 RosenbrockR1 -30,30,390,1
94966810 WeierstrassW1 -0.5,0.5,90,1
994871144 SchwefelS1 -100,100,-310,0.01
1837228925 RastriginS1 -5,5,-211,1
2008290127 RastriginR1 -5.12,5.12,-330,1
1846959666 RosenbrockR1 -30,30,390,1
793193842 SchwefelS1 -100,100,-310,0.01
528118452 RastriginS1 -5,5,-211,1
1773661158 GriewankG1 -600,600,-180,1
1559335979 RastriginR1 -5.12,5.12,-330,1
157208443 WeierstrassW1 -0.5,0.5,90,1
538682991 SphereS1 -100,100,-450,0.001
1567101701 RastriginR1 -5.12,5.12,-330,1
142812414 RastriginS1 -5,5,-211,1
1305057612 RosenbrockR1 -30,30,390,1
763193938 SphereS1 -100,100,-450,0.001
1049141171 SchwefelS1 -100,100,-310,0.01
704770375 WeierstrassW1 -0.5,0.5,90,1
1367147321 GriewankG1 -600,600,-180,1
405328645 RastriginR1 -5.12,5.12,-330,1
1861961787 WeierstrassW1 -0.5,0.5,90,1
1489731423 RosenbrockR1 -30,30,390,1
1628748072 GriewankG1 -600,600,-180,1
1328890384 RastriginS1 -5,5,-211,1
776507536 SphereS1 -100,100,-450,0.001
371424505 SchwefelS1 -100,100,-310,0.01
2116851297 RosenbrockR1 -30,30,390,1
1802709136 SphereS1 -100,100,-450,0.001
738361774 WeierstrassW1 -0.5,0.5,90,1
1932805453 RastriginS1 -5,5,-211,1
773017811 GriewankG1 -600,600,-180,1
1325070971 RastriginR1 -5.12,5.12,-330,1
95791855 SchwefelS1 -100,100,-310,0.01
422317803 RastriginR1 -5.12,5.12,-330,1
917562552 GriewankG1 -600,600,-180,1
287996551 SphereS1 -100,100,-450,0.001
2123782223 RastriginS1 -5,5,-211,1
767681451 SchwefelS1 -100,100,-310,0.01
52398957 WeierstrassW1 -0.5,0.5,90,1
1562689831 RosenbrockR1 -30,30,390,1
1115933709 GriewankG1 -600,600,-180,1
839063119 RastriginR1 -5.12,5.12,-330,1
2080961141 WeierstrassW1 -0.5,0.5,90,1
260583803 RastriginS1 -5,5,-211,1
2109292145 RosenbrockR1 -30,30,390,1
357192096 SphereS1 -100,100,-450,0.001
1306330361 SchwefelS1 -100,100,-310,0.01
923391708 RastriginR1 -5.12,5.12,-330,1
962465580 RosenbrockR1 -30,30,390,1
80214692 GriewankG1 -600,600,-180,1
1227557934 RastriginS1 -5,5,-211,1
345686198 SchwefelS1 -100,100,-310,0.01
1850214498 SphereS1 -100,100,-450,0.001
51172324 WeierstrassW1 -0.5,0.5,90,1
1899934542 GriewankG1 -600,600,-180,1
1930823916 WeierstrassW1 -0.5,0.5,90,1
1282651966 SphereS1 -100,100,-450,0.001
1553101463 RastriginS1 -5,5,-211,1
1742928638 SchwefelS1 -100,100,-310,0.01
1153556259 RastriginR1 -5.12,5.12,-330,1
1468283721 RosenbrockR1 -30,30,390,1
1294933751 WeierstrassW1 -0.5,0.5,90,1
1934451793 RastriginR1 -5.12,5.12,-330,1
1216946649 GriewankG1 -600,600,-180,1
1596045541 RastriginS1 -5,5,-211,1
1889202114 RosenbrockR1 -30,30,390,1
1871640435 SchwefelS1 -100,100,-310,0.01
1330917341 SphereS1 -100,100,-450,0.001
1952345167 SchwefelS1 -100,100,-310,0.01
590486107 SphereS1 -100,100,-450,0.001
1764586248 RastriginS1 -5,5,-211,1
825221075 WeierstrassW1 -0.5,0.5,90,1
184438751 GriewankG1 -600,600,-180,1
1432744810 RastriginR1 -5.12,5.12,-330,1
1721868725 RosenbrockR1 -30,30,390,1
1251212365 SphereS1 -100,100,-450,0.001
1303396745 RastriginR1 -5.12,5.12,-330,1
538295162 SchwefelS1 -100,100,-310,0.01
1994815540 RastriginS1 -5,5,-211,1
73125381 RosenbrockR1 -30,30,390,1
758365645 GriewankG1 -600,600,-180,1
1803022990 WeierstrassW1 -0.5,0.5,90,1
795490872 RosenbrockR1 -30,30,390,1
1275051905 RastriginS1 -5,5,-211,1
2068689105 WeierstrassW1 -0.5,0.5,90,1
836691470 GriewankG1 -600,600,-180,1
1125169305 SphereS1 -100,100,-450,0.001
1826259551 RastriginR1 -5.12,5.12,-330,1
1892093524 SchwefelS1 -100,100,-310,0.01
2075846515 RosenbrockR1 -30,30,390,1
1867731918 GriewankG1 -600,600,-180,1
697564779 WeierstrassW1 -0.5,0.5,90,1
830622748 SchwefelS1 -100,100,-310,0.01
776058431 RastriginS1 -5,5,-211,1
562317951 SphereS1 -100,100,-450,0.001
1845358480 RastriginR1 -5.12,5.12,-330,1
1267996747 SchwefelS1 -100,100,-310,0.01
856818710 RastriginS1 -5,5,-211,1
162148296 RosenbrockR1 -30,30,390,1
562976827 RastriginR1 -5.12,5.12,-330,1
1541507324 SphereS1 -100,100,-450,0.001
1313972493 GriewankG1 -600,600,-180,1
1109375013 WeierstrassW1 -0.5,0.5,90,1
1404271305 GriewankG1 -600,600,-180,1
1222292711 SphereS1 -100,100,-450,0.001
763762724 RastriginR1 -5.12,5.12,-330,1
2124003318 SchwefelS1 -100,100,-310,0.01
1164968261 RosenbrockR1 -30,30,390,1
405167413 WeierstrassW1 -0.5,0.5,90,1
2056508537 RastriginS1 -5,5,-211,1
872802622 RastriginR1 -5.12,5.12,-330,1
717371462 WeierstrassW1 -0.5,0.5,90,1
321195968 RastriginS1 -5,5,-211,1
223232145 SphereS1 -100,100,-450,0.001
183988250 SchwefelS1 -100,100,-310,0.01
893134640 GriewankG1 -600,600,-180,1
1059456403 RosenbrockR1 -30,30,390,1
1588518186 RastriginR1 -5.12,5.12,-330,1
117552298 RastriginS1 -5,5,-211,1
662565900 RosenbrockR1 -30,30,390,1
425112520 SphereS1 -100,100,-450,0.001
582157977 GriewankG1 -600,600,-180,1
545745637 SchwefelS1 -100,100,-310,0.01
144009051 WeierstrassW1 -0.5,0.5,90,1
826096075 RosenbrockR1 -30,30,390,1
568082043 GriewankG1 -600,600,-180,1
2037881343 RastriginS1 -5,5,-211,1
775821868 RastriginR1 -5.12,5.12,-330,1
1118194347 SphereS1 -100,100,-450,0.001
2070869230 SchwefelS1 -100,100,-310,0.01
1568061634 WeierstrassW1 -0.5,0.5,90,1
460138515 WeierstrassW1 -0.5,0.5,90,1
1337234803 RastriginR1 -5.12,5.12,-330,1
1990153355 RastriginS1 -5,5,-211,1
873326098 SchwefelS1 -100,100,-310,0.01
283643477 SphereS1 -100,100,-450,0.001
725898516 GriewankG1 -600,600,-180,1
2078572554 RosenbrockR1 -30,30,390,1
1918647304 SchwefelS1 -100,100,-310,0.01
694073685 SphereS1 -100,100,-450,0.001
847885971 RosenbrockR1 -30,30,390,1
843722509 WeierstrassW1 -0.5,0.5,90,1
1400782358 RastriginS1 -5,5,-211,1
624673745 GriewankG1 -600,600,-180,1
1697286658 RastriginR1 -5.12,5.12,-330,1
118892122 RastriginS1 -5,5,-211,1
317699229 WeierstrassW1 -0.5,0.5,90,1
67477373 RastriginR1 -5.12,5.12,-330,1
580902243 SchwefelS1 -100,100,-310,0.01
171299003 GriewankG1 -600,600,-180,1
1435901336 SphereS1 -100,100,-450,0.001
961122916 RosenbrockR1 -30,30,390,1
1122127429 RosenbrockR1 -30,30,390,1
190202352 SphereS1 -100,100,-450,0.001
166248869 SchwefelS1 -100,100,-310,0.01
826312131 RastriginR1 -5.12,5.12,-330,1
2045557558 RastriginS1 -5,5,-211,1
726985441 WeierstrassW1 -0.5,0.5,90,1
309095738 GriewankG1 -600,600,-180,1
1509775779 WeierstrassW1 -0.5,0.5,90,1
1755053521 RastriginR1 -5.12,5.12,-330,1
1880540244 RastriginS1 -5,5,-211,1
2139268113 SchwefelS1 -100,100,-310,0.01
1984348617 SphereS1 -100,100,-450,0.001
753652446 RosenbrockR1 -30,30,390,1
1333273368 GriewankG1 -600,600,-180,1
808927370 SchwefelS1 -100,100,-310,0.01
375028899 GriewankG1 -600,600,-180,1
1733064658 SphereS1 -100,100,-450,0.001
2007219715 WeierstrassW1 -0.5,0.5,90,1
290078704 RosenbrockR1 -30,30,390,1
1364021760 RastriginS1 -5,5,-211,1
2105932772 RastriginR1 -5.12,5.12,-330,1
881016180 RosenbrockR1 -30,30,390,1
88881664 WeierstrassW1 -0.5,0.5,90,1
1450846125 RastriginR1 -5.12,5.12,-330,1
850190146 SchwefelS1 -100,100,-310,0.01
1241355144 RastriginS1 -5,5,-211,1
1627985139 GriewankG1 -600,600,-180,1
720243141 SphereS1 -100,100,-450,0.001
1543246459 SphereS1 -100,100,-450,0.001
377977661 WeierstrassW1 -0.5,0.5,90,1
985985312 RastriginR1 -5.12,5.12,-330,1
1636596988 SchwefelS1 -100,100,-310,0.01
177227030 RastriginS1 -5,5,-211,1
751051323 RosenbrockR1 -30,30,390,1
620234994 GriewankG1 -600,600,-180,1
285826294 WeierstrassW1 -0.5,0.5,90,1
927103530 RastriginR1 -5.12,5.12,-330,1
706039394 RosenbrockR1 -30,30,390,1
703281217 SphereS1 -100,100,-450,0.001
1163836703 RastriginS1 -5,5,-211,1
2000293803 SchwefelS1 -100,100,-310,0.01
1358262381 GriewankG1 -600,600,-180,1
1572454739 SphereS1 -100,100,-450,0.001
563155442 RastriginS1 -5,5,-211,1
174509637 RastriginR1 -5.12,5.12,-330,1
685268271 GriewankG1 -600,600,-180,1
583287342 WeierstrassW1 -0.5,0.5,90,1
1774817547 SchwefelS1 -100,100,-310,0.01
565975637 RosenbrockR1 -30,30,390,1
1834723522 GriewankG1 -600,600,-180,1
771547381 WeierstrassW1 -0.5,0.5,90,1
1058244285 SchwefelS1 -100,100,-310,0.01
2116138915 RastriginS1 -5,5,-211,1
148208272 RastriginR1 -5.12,5.12,-330,1
1919638910 RosenbrockR1 -30,30,390,1
722202898 SphereS1 -100,100,-450,0.001
662635679 RosenbrockR1 -30,30,390,1
1823216125 RastriginS1 -5,5,-211,1
1671005953 RastriginR1 -5.12,5.12,-330,1
903037113 WeierstrassW1 -0.5,0.5,90,1
538704301 SchwefelS1 -100,100,-310,0.01
518495048 GriewankG1 -600,600,-180,1
943694184 SphereS1 -100,100,-450,0.001
1151183928 SphereS1 -100,100,-450,0.001
834804815 SchwefelS1 -100,100,-310,0.01
123359860 RastriginR1 -5.12,5.12,-330,1
1727130117 WeierstrassW1 -0.5,0.5,90,1
1015956821 GriewankG1 -600,600,-180,1
552265213 RosenbrockR1 -30,30,390,1
1425368713 RastriginS1 -5,5,-211,1
238415067 WeierstrassW1 -0.5,0.5,90,1
852745283 RastriginR1 -5.12,5.12,-330,1
1484561277 SphereS1 -100,100,-450,0.001
1030668403 RastriginS1 -5,5,-211,1
153706374 GriewankG1 -600,600,-180,1
1165941624 RosenbrockR1 -30,30,390,1
1516259034 SchwefelS1 -100,100,-310,0.01
1034990511 RosenbrockR1 -30,30,390,1
777674728 RastriginS1 -5,5,-211,1
2030157014 RastriginR1 -5.12,5.12,-330,1
193055291 SchwefelS1 -100,100,-310,0.01
2097446267 SphereS1 -100,100,-450,0.001
1294507247 WeierstrassW1 -0.5,0.5,90,1
1416004011 GriewankG1 -600,600,-180,1
1639158707 SphereS1 -100,100,-450,0.001
260286473 SchwefelS1 -100,100,-310,0.01
1890353812 GriewankG1 -600,600,-180,1
899774114 RosenbrockR1 -30,30,390,1
1142840446 WeierstrassW1 -0.5,0.5,90,1
598071345 RastriginS1 -5,5,-211,1
760713822 RastriginR1 -5.12,5.12,-330,1
1567584860 RastriginR1 -5.12,5.12,-330,1
903105740 WeierstrassW1 -0.5,0.5,90,1
732857522 RosenbrockR1 -30,30,390,1
1525068385 SchwefelS1 -100,100,-310,0.01
85283551 GriewankG1 -600,600,-180,1
608526989 RastriginS1 -5,5,-211,1
438543161 SphereS1 -100,100,-450,0.001
2111682895 SchwefelS1 -100,100,-310,0.01
763234755 WeierstrassW1 -0.5,0.5,90,1
1197457584 GriewankG1 -600,600,-180,1
1982820161 RastriginR1 -5.12,5.12,-330,1
812712344 RosenbrockR1 -30,30,390,1
1974363795 SphereS1 -100,100,-450,0.001
193372693 RastriginS1 -5,5,-211,1
275852827 RastriginS1 -5,5,-211,1
60061471 SchwefelS1 -100,100,-310,0.01
468053250 WeierstrassW1 -0.5,0.5,90,1
2098376618 SphereS1 -100,100,-450,0.001
962532335 RastriginR1 -5.12,5.12,-330,1
374597220 GriewankG1 -600,600,-180,1
2056235890 RosenbrockR1 -30,30,390,1
998725633 WeierstrassW1 -0.5,0.5,90,1
201387586 RastriginR1 -5.12,5.12,-330,1
35944731 RastriginS1 -5,5,-211,1
2009949940 GriewankG1 -600,600,-180,1
2062989428 RosenbrockR1 -30,30,390,1
975117933 SchwefelS1 -100,100,-310,0.01
661060602 SphereS1 -100,100,-450,0.001
2129856439 SphereS1 -100,100,-450,0.001
1122252523 RastriginS1 -5,5,-211,1
239171438 WeierstrassW1 -0.5,0.5,90,1
313171868 RastriginR1 -5.12,5.12,-330,1
1625717448 GriewankG1 -600,600,-180,1
1980362290 RosenbrockR1 -30,30,390,1
22533214 SchwefelS1 -100,100,-310,0.01
1312197300 SchwefelS1 -100,100,-310,0.01
901138057 RastriginR1 -5.12,5.12,-330,1
105417349 WeierstrassW1 -0.5,0.5,90,1
1105374003 RastriginS1 -5,5,-211,1
1761434916 RosenbrockR1 -30,30,390,1
36073432 SphereS1 -100,100,-450,0.001
484168676 GriewankG1 -600,600,-180,1
1133841362 WeierstrassW1 -0.5,0.5,90,1
68805164 RastriginR1 -5.12,5.12,-330,1
636072474 SphereS1 -100,100,-450,0.001
305032130 RastriginS1 -5,5,-211,1
25760798 GriewankG1 -600,600,-180,1
1439890034 SchwefelS1 -100,100,-310,0.01
1817872292 RosenbrockR1 -30,30,390,1
965393924 RosenbrockR1 -30,30,390,1
1085464592 SchwefelS1 -100,100,-310,0.01
83346595 SphereS1 -100,100,-450,0.001
1508219723 GriewankG1 -600,600,-180,1
1544718729 WeierstrassW1 -0.5,0.5,90,1
1885360082 RastriginS1 -5,5,-211,1
1524716954 RastriginR1 -5.12,5.12,-330,1
105812235 RosenbrockR1 -30,30,390,1
558361736 WeierstrassW1 -0.5,0.5,90,1
1194820064 SchwefelS1 -100,100,-310,0.01
413053274 SphereS1 -100,100,-450,0.001
1385352415 RastriginS1 -5,5,-211,1
1836268284 GriewankG1 -600,600,-180,1
1633185015 RastriginR1 -5.12,5.12,-330,1
1967717927 WeierstrassW1 -0.5,0.5,90,1
74346171 GriewankG1 -600,600,-180,1
294869417 RastriginS1 -5,5,-211,1
1377000941 SchwefelS1 -100,100,-310,0.01
396433580 SphereS1 -100,100,-450,0.001
472671625 RastriginR1 -5.12,5.12,-330,1
995858113 RosenbrockR1 -30,30,390,1
1142701292 RastriginS1 -5,5,-211,1
1940246630 SphereS1 -100,100,-450,0.001
826158184 SchwefelS1 -100,100,-310,0.01
2054205236 WeierstrassW1 -0.5,0.5,90,1
1040183177 RastriginR1 -5.12,5.12,-330,1
290803167 GriewankG1 -600,600,-180,1
387575847 RosenbrockR1 -30,30,390,1
274891721 WeierstrassW1 -0.5,0.5,90,1
25327211 RastriginR1 -5.12,5.12,-330,1
1861553555 RosenbrockR1 -30,30,390,1
639786566 GriewankG1 -600,600,-180,1
298409124 SchwefelS1 -100,100,-310,0.01
256618501 SphereS1 -100,100,-450,0.001
952884029 RastriginS1 -5,5,-211,1
1048972445 SphereS1 -100,100,-450,0.001
675962741 WeierstrassW1 -0.5,0.5,90,1
1727181358 RastriginR1 -5.12,5.12,-330,1
1164739575 RosenbrockR1 -30,30,390,1
1775722735 RastriginS1 -5,5,-211,1
15656362 SchwefelS1 -100,100,-310,0.01
9764064 GriewankG1 -600,600,-180,1
1757528006 RastriginS1 -5,5,-211,1
979224483 RosenbrockR1 -30,30,390,1
739122660 RastriginR1 -5.12,5.12,-330,1
1651246952 GriewankG1 -600,600,-180,1
1146761165 SchwefelS1 -100,100,-310,0.01
1323798584 SphereS1 -100,100,-450,0.001
1601166701 WeierstrassW1 -0.5,0.5,90,1
30365171 SphereS1 -100,100,-450,0.001
1340504464 RastriginR1 -5.12,5.12,-330,1
1513184178 RosenbrockR1 -30,30,390,1
1712807313 SchwefelS1 -100,100,-310,0.01
879469723 GriewankG1 -600,600,-180,1
683231261 WeierstrassW1 -0.5,0.5,90,1
1586766549 RastriginS1 -5,5,-211,1
603666251 SchwefelS1 -100,100,-310,0.01
1617266894 RastriginR1 -5.12,5.12,-330,1
1727440489 SphereS1 -100,100,-450,0.001
1559441879 RosenbrockR1 -30,30,390,1
647504675 RastriginS1 -5,5,-211,1
1388729722 WeierstrassW1 -0.5,0.5,90,1
923643455 GriewankG1 -600,600,-180,1
1024016914 SphereS1 -100,100,-450,0.001
2022927910 WeierstrassW1 -0.5,0.5,90,1
1056773428 RastriginS1 -5,5,-211,1
182886491 RastriginR1 -5.12,5.12,-330,1
1064281199 SchwefelS1 -100,100,-310,0.01
193344961 RosenbrockR1 -30,30,390,1
883859961 GriewankG1 -600,600,-180,1
1070342211 WeierstrassW1 -0.5,0.5,90,1
1864599316 SphereS1 -100,100,-450,0.001
2022042068 RastriginR1 -5.12,5.12,-330,1
53083726 GriewankG1 -600,600,-180,1
1129492561 RastriginS1 -5,5,-211,1
424758137 RosenbrockR1 -30,30,390,1
462554695 SchwefelS1 -100,100,-310,0.01
123133759 SphereS1 -100,100,-450,0.001
841412387 WeierstrassW1 -0.5,0.5,90,1
1153172089 GriewankG1 -600,600,-180,1
2078419255 RosenbrockR1 -30,30,390,1
514384889 RastriginR1 -5.12,5.12,-330,1
1386776335 RastriginS1 -5,5,-211,1
1771298616 SchwefelS1 -100,100,-310,0.01
586933578 RastriginS1 -5,5,-211,1
2145581306 RastriginR1 -5.12,5.12,-330,1
60109265 RosenbrockR1 -30,30,390,1
513052652 WeierstrassW1 -0.5,0.5,90,1
402520869 SchwefelS1 -100,100,-310,0.01
1479320400 SphereS1 -100,100,-450,0.001
1938920074 GriewankG1 -600,600,-180,1
1935688654 GriewankG1 -600,600,-180,1
1545731351 RastriginR1 -5.12,5.12,-330,1
69114378 SphereS1 -100,100,-450,0.001
1309426919 SchwefelS1 -100,100,-310,0.01
2132606454 RastriginS1 -5,5,-211,1
201256905 RosenbrockR1 -30,30,390,1
1205299497 WeierstrassW1 -0.5,0.5,90,1
1380806034 WeierstrassW1 -0.5,0.5,90,1
1947380094 GriewankG1 -600,600,-180,1
472257807 RastriginR1 -5.12,5.12,-330,1
1245891945 SphereS1 -100,100,-450,0.001
1403629648 RosenbrockR1 -30,30,390,1
1614980285 SchwefelS1 -100,100,-310,0.01
710787250 RastriginS1 -5,5,-211,1
1588965643 RosenbrockR1 -30,30,390,1
661874781 RastriginR1 -5.12,5.12,-330,1
1603918491 WeierstrassW1 -0.5,0.5,90,1
769344233 RastriginS1 -5,5,-211,1
1444780136 GriewankG1 -600,600,-180,1
1647048256 SchwefelS1 -100,100,-310,0.01
736304977 SphereS1 -100,100,-450,0.001
350139022 RastriginS1 -5,5,-211,1
312069113 SchwefelS1 -100,100,-310,0.01
518240221 GriewankG1 -600,600,-180,1
2147327856 SphereS1 -100,100,-450,0.001
2136232337 WeierstrassW1 -0.5,0.5,90,1
836282297 RastriginR1 -5.12,5.12,-330,1
1770211753 RosenbrockR1 -30,30,390,1
944255258 RosenbrockR1 -30,30,390,1
1557320017 WeierstrassW1 -0.5,0.5,90,1
1664919356 RastriginS1 -5,5,-211,1
1818695170 SchwefelS1 -100,100,-310,0.01
1398649096 RastriginR1 -5.12,5.12,-330,1
1611855115 SphereS1 -100,100,-450,0.001
150081466 GriewankG1 -600,600,-180,1
1917602643 RastriginS1 -5,5,-211,1
1717794286 RastriginR1 -5.12,5.12,-330,1
1783102856 RosenbrockR1 -30,30,390,1
1320280116 GriewankG1 -600,600,-180,1
683981504 SchwefelS1 -100,100,-310,0.01
408613402 WeierstrassW1 -0.5,0.5,90,1
2042394353 SphereS1 -100,100,-450,0.001
1106082310 RastriginS1 -5,5,-211,1
560418510 WeierstrassW1 -0.5,0.5,90,1
1355908591 SchwefelS1 -100,100,-310,0.01
395316837 SphereS1 -100,100,-450,0.001
1665544928 RosenbrockR1 -30,30,390,1
70605246 RastriginR1 -5.12,5.12,-330,1
132079180 GriewankG1 -600,600,-180,1
2065165375 RastriginR1 -5.12,5.12,-330,1
293205566 SphereS1 -100,100,-450,0.001
273857685 SchwefelS1 -100,100,-310,0.01
44753709 WeierstrassW1 -0.5,0.5,90,1
1874126891 GriewankG1 -600,600,-180,1
776668631 RosenbrockR1 -30,30,390,1
1596802966 RastriginS1 -5,5,-211,1
1591868935 SchwefelS1 -100,100,-310,0.01
1114907063 RastriginR1 -5.12,5.12,-330,1
504185536 RosenbrockR1 -30,30,390,1
1857840802 GriewankG1 -600,600,-180,1
1182358998 SphereS1 -100,100,-450,0.001
499417319 WeierstrassW1 -0.5,0.5,90,1
635074958 RastriginS1 -5,5,-211,1
2031532160 RastriginR1 -5.12,5.12,-330,1
1005839747 RosenbrockR1 -30,30,390,1
1313241736 WeierstrassW1 -0.5,0.5,90,1
1069529515 RastriginS1 -5,5,-211,1
1502998131 SphereS1 -100,100,-450,0.001
1307061128 SchwefelS1 -100,100,-310,0.01
416499193 GriewankG1 -600,600,-180,1
551763883 GriewankG1 -600,600,-180,1
2072970461 WeierstrassW1 -0.5,0.5,90,1
1250005922 SchwefelS1 -100,100,-310,0.01
1367542349 SphereS1 -100,100,-450,0.001
981984009 RosenbrockR1 -30,30,390,1
1972914320 RastriginS1 -5,5,-211,1
1954533344 RastriginR1 -5.12,5.12,-330,1
559025946 RastriginR1 -5.12,5.12,-330,1
1171867153 RastriginS1 -5,5,-211,1
1327651110 WeierstrassW1 -0.5,0.5,90,1
1999981848 SchwefelS1 -100,100,-310,0.01
396950167 GriewankG1 -600,600,-180,1
358304529 SphereS1 -100,100,-450,0.001
32040218 RosenbrockR1 -30,30,390,1
889492935 GriewankG1 -600,600,-180,1
364142112 RosenbrockR1 -30,30,390,1
777974380 WeierstrassW1 -0.5,0.5,90,1
217606548 RastriginR1 -5.12,5.12,-330,1
1293982305 SphereS1 -100,100,-450,0.001
816833433 SchwefelS1 -100,100,-310,0.01
1404621104 RastriginS1 -5,5,-211,1
87066486 RastriginR1 -5.12,5.12,-330,1
2120901845 RosenbrockR1 -30,30,390,1
989622549 SchwefelS1 -100,100,-310,0.01
1028107936 RastriginS1 -5,5,-211,1
1410956578 SphereS1 -100,100,-450,0.001
1606501265 WeierstrassW1 -0.5,0.5,90,1
1835241057 GriewankG1 -600,600,-180,1
457686835 RosenbrockR1 -30,30,390,1
1391796514 SphereS1 -100,100,-450,0.001
470039877 RastriginS1 -5,5,-211,1
1791431241 GriewankG1 -600,600,-180,1
616847786 RastriginR1 -5.12,5.12,-330,1
1197899306 SchwefelS1 -100,100,-310,0.01
1461709729 WeierstrassW1 -0.5,0.5,90,1
1727584586 RosenbrockR1 -30,30,390,1
1963272052 SphereS1 -100,100,-450,0.001
1644934068 SchwefelS1 -100,100,-310,0.01
678990212 GriewankG1 -600,600,-180,1
1637302557 RastriginS1 -5,5,-211,1
312126379 WeierstrassW1 -0.5,0.5,90,1
673332854 RastriginR1 -5.12,5.12,-330,1
582030126 SchwefelS1 -100,100,-310,0.01
688239652 GriewankG1 -600,600,-180,1
2126409943 RosenbrockR1 -30,30,390,1
990419835 RastriginR1 -5.12,5.12,-330,1
2047295915 SphereS1 -100,100,-450,0.001
196876431 WeierstrassW1 -0.5,0.5,90,1
506494655 RastriginS1 -5,5,-211,1
1132130309 SphereS1 -100,100,-450,0.001
144573282 RastriginR1 -5.12,5.12,-330,1
953632449 SchwefelS1 -100,100,-310,0.01
419327697 WeierstrassW1 -0.5,0.5,90,1
1816195514 RosenbrockR1 -30,30,390,1
1861808557 GriewankG1 -600,600,-180,1
1311484467 RastriginS1 -5,5,-211,1
1630964882 WeierstrassW1 -0.5,0.5,90,1
1172344957 SphereS1 -100,100,-450,0.001
691903656 SchwefelS1 -100,100,-310,0.01
307562396 RastriginS1 -5,5,-211,1
2000108286 GriewankG1 -600,600,-180,1
1760043959 RastriginR1 -5.12,5.12,-330,1
478855001 RosenbrockR1 -30,30,390,1
1894566268 RastriginR1 -5.12,5.12,-330,1
1201820362 RastriginS1 -5,5,-211,1
1684313980 WeierstrassW1 -0.5,0.5,90,1
672143051 SchwefelS1 -100,100,-310,0.01
1356308142 RosenbrockR1 -30,30,390,1
1561870192 GriewankG1 -600,600,-180,1
1579956521 SphereS1 -100,100,-450,0.001
63842474 RosenbrockR1 -30,30,390,1
743728496 RastriginR1 -5.12,5.12,-330,1
1800578340 WeierstrassW1 -0.5,0.5,90,1
294920842 SchwefelS1 -100,100,-310,0.01
179146026 RastriginS1 -5,5,-211,1
2128732371 SphereS1 -100,100,-450,0.001
81346146 GriewankG1 -600,600,-180,1
1200297872 SphereS1 -100,100,-450,0.001
1852585316 GriewankG1 -600,600,-180,1
1467240575 RastriginS1 -5,5,-211,1
1337019891 SchwefelS1 -100,100,-310,0.01
1526242470 RosenbrockR1 -30,30,390,1
1903670781 WeierstrassW1 -0.5,0.5,90,1
381335311 RastriginR1 -5.12,5.12,-330,1
1689435085 GriewankG1 -600,600,-180,1
1926653674 RastriginS1 -5,5,-211,1
1049619483 WeierstrassW1 -0.5,0.5,90,1
1349362604 RosenbrockR1 -30,30,390,1
846750236 SchwefelS1 -100,100,-310,0.01
1759238097 SphereS1 -100,100,-450,0.001
1620795206 RastriginR1 -5.12,5.12,-330,1
1949976862 SphereS1 -100,100,-450,0.001
452056476 WeierstrassW1 -0.5,0.5,90,1
28116051 RastriginS1 -5,5,-211,1
2141013240 RosenbrockR1 -30,30,390,1
423635584 SchwefelS1 -100,100,-310,0.01
1289123480 RastriginR1 -5.12,5.12,-330,1
1378590541 GriewankG1 -600,600,-180,1
97654827 GriewankG1 -600,600,-180,1
532949241 RosenbrockR1 -30,30,390,1
1196419170 SphereS1 -100,100,-450,0.001
208018608 SchwefelS1 -100,100,-310,0.01
1457631931 WeierstrassW1 -0.5,0.5,90,1
63328445 RastriginS1 -5,5,-211,1
285053061 RastriginR1 -5.12,5.12,-330,1
1182018532 RosenbrockR1 -30,30,390,1
2089697441 SphereS1 -100,100,-450,0.001
1242128987 GriewankG1 -600,600,-180,1
491069304 SchwefelS1 -100,100,-310,0.01
679826943 WeierstrassW1 -0.5,0.5,90,1
2046063625 RastriginR1 -5.12,5.12,-330,1
1048109850 RastriginS1 -5,5,-211,1
468188789 SchwefelS1 -100,100,-310,0.01
1205493489 WeierstrassW1 -0.5,0.5,90,1
1565138607 SphereS1 -100,100,-450,0.001
1288093513 RastriginR1 -5.12,5.12,-330,1
1662276671 GriewankG1 -600,600,-180,1
1341689284 RosenbrockR1 -30,30,390,1
100265947 RastriginS1 -5,5,-211,1
2074214263 RastriginS1 -5,5,-211,1
74239009 RastriginR1 -5.12,5.12,-330,1
1260688176 GriewankG1 -600,600,-180,1
1150166318 RosenbrockR1 -30,30,390,1
157735260 WeierstrassW1 -0.5,0.5,90,1
1305840051 SphereS1 -100,100,-450,0.001
1594182586 SchwefelS1 -100,100,-310,0.01
805248060 GriewankG1 -600,600,-180,1
1873063302 RastriginS1 -5,5,-211,1
1634902501 SchwefelS1 -100,100,-310,0.01
594779363 SphereS1 -100,100,-450,0.001
391552849 RosenbrockR1 -30,30,390,1
1337896552 WeierstrassW1 -0.5,0.5,90,1
1246871456 RastriginR1 -5.12,5.12,-330,1
217542051 RosenbrockR1 -30,30,390,1
969557410 SchwefelS1 -100,100,-310,0.01
1557810831 RastriginS1 -5,5,-211,1
1770624744 SphereS1 -100,100,-450,0.001
1909633920 GriewankG1 -600,600,-180,1
340945416 WeierstrassW1 -0.5,0.5,90,1
1444341451 RastriginR1 -5.12,5.12,-330,1
709183096 SphereS1 -100,100,-450,0.001
1862969098 SchwefelS1 -100,100,-310,0.01
1877936147 RosenbrockR1 -30,30,390,1
802718971 GriewankG1 -600,600,-180,1
301125427 RastriginR1 -5.12,5.12,-330,1
1783868321 WeierstrassW1 -0.5,0.5,90,1
762513373 RastriginS1 -5,5,-211,1
1735550151 WeierstrassW1 -0.5,0.5,90,1
933240740 SphereS1 -100,100,-450,0.001
1175037484 RastriginR1 -5.12,5.12,-330,1
1493342635 GriewankG1 -600,600,-180,1
6651440 RosenbrockR1 -30,30,390,1
1040896475 SchwefelS1 -100,100,-310,0.01
78632047 RastriginS1 -5,5,-211,1
638488185 RosenbrockR1 -30,30,390,1
1307109679 SphereS1 -100,100,-450,0.001
57690782 RastriginR1 -5.12,5.12,-330,1
343092918 RastriginS1 -5,5,-211,1
1253728427 SchwefelS1 -100,100,-310,0.01
1537804488 WeierstrassW1 -0.5,0.5,90,1
222918577 GriewankG1 -600,600,-180,1
1674590769 RastriginS1 -5,5,-211,1
723565785 WeierstrassW1 -0.5,0.5,90,1
1596730379 RosenbrockR1 -30,30,390,1
1489921395 GriewankG1 -600,600,-180,1
1446701884 RastriginR1 -5.12,5.12,-330,1
1265460699 SphereS1 -100,100,-450,0.001
273807039 SchwefelS1 -100,100,-310,0.01
154074606 RosenbrockR1 -30,30,390,1
847476425 RastriginR1 -5.12,5.12,-330,1
602584259 SphereS1 -100,100,-450,0.001
475864407 RastriginS1 -5,5,-211,1
1470818065 GriewankG1 -600,600,-180,1
1526491395 SchwefelS1 -100,100,-310,0.01
1144176760 WeierstrassW1 -0.5,0.5,90,1
1144245859 SphereS1 -100,100,-450,0.001
1723947589 WeierstrassW1 -0.5,0.5,90,1
78834356 RastriginR1 -5.12,5.12,-330,1
2049753259 RosenbrockR1 -30,30,390,1
1722738895 GriewankG1 -600,600,-180,1
1849474765 RastriginS1 -5,5,-211,1
582256110 SchwefelS1 -100,100,-310,0.01
1287939815 GriewankG1 -600,600,-180,1
711888567 RastriginR1 -5.12,5.12,-330,1
109414915 SchwefelS1 -100,100,-310,0.01
1839609089 RosenbrockR1 -30,30,390,1
1684408629 RastriginS1 -5,5,-211,1
1457307016 SphereS1 -100,100,-450,0.001
861450100 WeierstrassW1 -0.5,0.5,90,1
895789386 GriewankG1 -600,600,-180,1
762526768 RosenbrockR1 -30,30,390,1
1768466236 WeierstrassW1 -0.5,0.5,90,1
1861958171 RastriginR1 -5.12,5.12,-330,1
1174964906 SchwefelS1 -100,100,-310,0.01
679894190 RastriginS1 -5,5,-211,1
216769418 SphereS1 -100,100,-450,0.001
355058570 SphereS1 -100,100,-450,0.001
165714619 WeierstrassW1 -0.5,0.5,90,1
445940730 RastriginS1 -5,5,-211,1
780779292 GriewankG1 -600,600,-180,1
781215578 RastriginR1 -5.12,5.12,-330,1
937011623 SchwefelS1 -100,100,-310,0.01
1825276820 RosenbrockR1 -30,30,390,1
125119483 SphereS1 -100,100,-450,0.001
2023727325 GriewankG1 -600,600,-180,1
202949079 WeierstrassW1 -0.5,0.5,90,1
27650902 SchwefelS1 -100,100,-310,0.01
2030560687 RastriginS1 -5,5,-211,1
94867555 RastriginR1 -5.12,5.12,-330,1
1614875343 RosenbrockR1 -30,30,390,1
1395764703 SchwefelS1 -100,100,-310,0.01
1502924947 RastriginR1 -5.12,5.12,-330,1
77036413 RosenbrockR1 -30,30,390,1
623380315 WeierstrassW1 -0.5,0.5,90,1
291509191 GriewankG1 -600,600,-180,1
412944105 SphereS1 -100,100,-450,0.001
2105758857 RastriginS1 -5,5,-211,1
556655709 SchwefelS1 -100,100,-310,0.01
1218185913 RastriginS1 -5,5,-211,1
30503592 RosenbrockR1 -30,30,390,1
1678506399 SphereS1 -100,100,-450,0.001
115461713 WeierstrassW1 -0.5,0.5,90,1
1075406655 RastriginR1 -5.12,5.12,-330,1
1842854891 GriewankG1 -600,600,-180,1
1709940758 SchwefelS1 -100,100,-310,0.01
2099921569 WeierstrassW1 -0.5,0.5,90,1
1982230584 SphereS1 -100,100,-450,0.001
690799041 RastriginS1 -5,5,-211,1
1702709974 GriewankG1 -600,600,-180,1
866843173 RosenbrockR1 -30,30,390,1
1250445286 RastriginR1 -5.12,5.12,-330,1
939882849 SphereS1 -100,100,-450,0.001
1057403066 RosenbrockR1 -30,30,390,1
562567040 GriewankG1 -600,600,-180,1
1640205407 SchwefelS1 -100,100,-310,0.01
180331100 RastriginR1 -5.12,5.12,-330,1
1908555312 RastriginS1 -5,5,-211,1
232681965 WeierstrassW1 -0.5,0.5,90,1
418510093 SchwefelS1 -100,100,-310,0.01
98656291 RastriginR1 -5.12,5.12,-330,1
506349531 RosenbrockR1 -30,30,390,1
1414660771 WeierstrassW1 -0.5,0.5,90,1
594742559 RastriginS1 -5,5,-211,1
298376260 SphereS1 -100,100,-450,0.001
13628976 GriewankG1 -600,600,-180,1
1317208395 RastriginS1 -5,5,-211,1
243125550 RosenbrockR1 -30,30,390,1
1876192932 SchwefelS1 -100,100,-310,0.01
1735182267 RastriginR1 -5.12,5.12,-330,1
1271324477 GriewankG1 -600,600,-180,1
489290420 WeierstrassW1 -0.5,0.5,90,1
1684528838 SphereS1 -100,100,-450,0.001
2034417738 RosenbrockR1 -30,30,390,1
906270776 SchwefelS1 -100,100,-310,0.01
139196947 GriewankG1 -600,600,-180,1
1583827456 RastriginR1 -5.12,5.12,-330,1
2027485264 SphereS1 -100,100,-450,0.001
1178660478 WeierstrassW1 -0.5,0.5,90,1
770210056 RastriginS1 -5,5,-211,1
1087262106 RosenbrockR1 -30,30,390,1
1887160104 RastriginR1 -5.12,5.12,-330,1
913053320 WeierstrassW1 -0.5,0.5,90,1
887989599 RastriginS1 -5,5,-211,1
1839946822 SchwefelS1 -100,100,-310,0.01
294264985 SphereS1 -100,100,-450,0.001
1492089765 GriewankG1 -600,600,-180,1
552203921 SchwefelS1 -100,100,-310,0.01
1676767017 RastriginR1 -5.12,5.12,-330,1
1926990298 GriewankG1 -600,600,-180,1
1636680482 SphereS1 -100,100,-450,0.001
750486114 RosenbrockR1 -30,30,390,1
1276463594 WeierstrassW1 -0.5,0.5,90,1
7257121 RastriginS1 -5,5,-211,1
1917975550 SchwefelS1 -100,100,-310,0.01
22874177 RastriginS1 -5,5,-211,1
1386157319 WeierstrassW1 -0.5,0.5,90,1
1031629355 RastriginR1 -5.12,5.12,-330,1
41619415 RosenbrockR1 -30,30,390,1
966546911 GriewankG1 -600,600,-180,1
1370048043 SphereS1 -100,100,-450,0.001
1765397653 WeierstrassW1 -0.5,0.5,90,1
922418186 SphereS1 -100,100,-450,0.001
1050360634 RastriginS1 -5,5,-211,1
274177144 SchwefelS1 -100,100,-310,0.01
2118065790 GriewankG1 -600,600,-180,1
646740637 RastriginR1 -5.12,5.12,-330,1
936962492 RosenbrockR1 -30,30,390,1
1977421310 GriewankG1 -600,600,-180,1
993370232 SphereS1 -100,100,-450,0.001
2035451830 SchwefelS1 -100,100,-310,0.01
2146696761 RosenbrockR1 -30,30,390,1
241041201 WeierstrassW1 -0.5,0.5,90,1
1831482697 RastriginS1 -5,5,-211,1
31464780 RastriginR1 -5.12,5.12,-330,1
1450603197 SchwefelS1 -100,100,-310,0.01
970578019 RastriginR1 -5.12,5.12,-330,1
168841446 SphereS1 -100,100,-450,0.001
1854466036 GriewankG1 -600,600,-180,1
1521603192 RastriginS1 -5,5,-211,1
1813887033 RosenbrockR1 -30,30,390,1
149373629 WeierstrassW1 -0.5,0.5,90,1
761650604 RastriginR1 -5.12,5.12,-330,1
488971475 GriewankG1 -600,600,-180,1
837125035 SphereS1 -100,100,-450,0.001
1142291051 RosenbrockR1 -30,30,390,1
1244834327 SchwefelS1 -100,100,-310,0.01
1744624453 RastriginS1 -5,5,-211,1
1426840990 WeierstrassW1 -0.5,0.5,90,1
1187401798 RosenbrockR1 -30,30,390,1
262694592 RastriginR1 -5.12,5.12,-330,1
1384774144 RastriginS1 -5,5,-211,1
1619802676 SphereS1 -100,100,-450,0.001
9728113 SchwefelS1 -100,100,-310,0.01
1932586476 WeierstrassW1 -0.5,0.5,90,1
650885919 GriewankG1 -600,600,-180,1
109691611 SphereS1 -100,100,-450,0.001
345805770 SchwefelS1 -100,100,-310,0.01
143703352 GriewankG1 -600,600,-180,1
506109503 RastriginR1 -5.12,5.12,-330,1
274045008 WeierstrassW1 -0.5,0.5,90,1
678528017 RosenbrockR1 -30,30,390,1
994476107 RastriginS1 -5,5,-211,1
1353507310 RastriginS1 -5,5,-211,1
2130864119 RosenbrockR1 -30,30,390,1
108279085 SchwefelS1 -100,100,-310,0.01
630840828 GriewankG1 -600,600,-180,1
1410695278 RastriginR1 -5.12,5.12,-330,1
169712941 WeierstrassW1 -0.5,0.5,90,1
1688699197 SphereS1 -100,100,-450,0.001
1938203111 SchwefelS1 -100,100,-310,0.01
647987812 RosenbrockR1 -30,30,390,1
1328455558 GriewankG1 -600,600,-180,1
1215316242 RastriginS1 -5,5,-211,1
1174165829 RastriginR1 -5.12,5.12,-330,1
1656728622 SphereS1 -100,100,-450,0.001
278327884 WeierstrassW1 -0.5,0.5,90,1
1867337476 SchwefelS1 -100,100,-310,0.01
1578970931 RosenbrockR1 -30,30,390,1
830201575 RastriginS1 -5,5,-211,1
281465185 WeierstrassW1 -0.5,0.5,90,1
243528956 RastriginR1 -5.12,5.12,-330,1
859189374 SphereS1 -100,100,-450,0.001
1023217308 GriewankG1 -600,600,-180,1
1017774955 RastriginS1 -5,5,-211,1
497169833 WeierstrassW1 -0.5,0.5,90,1
314826786 GriewankG1 -600,600,-180,1
1312727143 RosenbrockR1 -30,30,390,1
1806087148 RastriginR1 -5.12,5.12,-330,1
108520255 SchwefelS1 -100,100,-310,0.01
1687821967 SphereS1 -100,100,-450,0.001
948567614 SchwefelS1 -100,100,-310,0.01
1707625548 RosenbrockR1 -30,30,390,1
1088410466 SphereS1 -100,100,-450,0.001
360183645 WeierstrassW1 -0.5,0.5,90,1
1401585432 GriewankG1 -600,600,-180,1
688901707 RastriginS1 -5,5,-211,1
594006957 RastriginR1 -5.12,5.12,-330,1
1526252516 SchwefelS1 -100,100,-310,0.01
345113658 SphereS1 -100,100,-450,0.001
467733876 RastriginR1 -5.12,5.12,-330,1
1986076597 GriewankG1 -600,600,-180,1
1659368489 RastriginS1 -5,5,-211,1
1997085806 WeierstrassW1 -0.5,0.5,90,1
479107215 RosenbrockR1 -30,30,390,1
841833639 RastriginS1 -5,5,-211,1
166339326 SchwefelS1 -100,100,-310,0.01
497622458 GriewankG1 -600,600,-180,1
277589242 WeierstrassW1 -0.5,0.5,90,1
464847828 RastriginR1 -5.12,5.12,-330,1
1037806636 RosenbrockR1 -30,30,390,1
2124310029 SphereS1 -100,100,-450,0.001
1497402086 SchwefelS1 -100,100,-310,0.01
2063652309 RastriginS1 -5,5,-211,1
618159297 GriewankG1 -600,600,-180,1
522381515 RastriginR1 -5.12,5.12,-330,1
1121815436 WeierstrassW1 -0.5,0.5,90,1
1231156902 SphereS1 -100,100,-450,0.001
1645803663 RosenbrockR1 -30,30,390,1
232864857 SphereS1 -100,100,-450,0.001
868430483 RastriginR1 -5.12,5.12,-330,1
201351307 RosenbrockR1 -30,30,390,1
1050741955 GriewankG1 -600,600,-180,1
1905235871 SchwefelS1 -100,100,-310,0.01
1331501979 WeierstrassW1 -0.5,0.5,90,1
1511972712 RastriginS1 -5,5,-211,1
7635528 SphereS1 -100,100,-450,0.001
540453275 RastriginR1 -5.12,5.12,-330,1
285792805 RastriginS1 -5,5,-211,1
1406246315 WeierstrassW1 -0.5,0.5,90,1
2039824899 RosenbrockR1 -30,30,390,1
1998123911 SchwefelS1 -100,100,-310,0.01
157568086 GriewankG1 -600,600,-180,1
1197877548 SchwefelS1 -100,100,-310,0.01
1118740256 GriewankG1 -600,600,-180,1
1032642332 WeierstrassW1 -0.5,0.5,90,1
276155417 RastriginS1 -5,5,-211,1
1055950899 SphereS1 -100,100,-450,0.001
1955884659 RosenbrockR1 -30,30,390,1
1716085843 RastriginR1 -5.12,5.12,-330,1
774452767 RastriginS1 -5,5,-211,1
54012896 RosenbrockR1 -30,30,390,1
1304593752 SchwefelS1 -100,100,-310,0.01
1767274732 GriewankG1 -600,600,-180,1
915501707 WeierstrassW1 -0.5,0.5,90,1
1264609223 SphereS1 -100,100,-450,0.001
1600700143 RastriginR1 -5.12,5.12,-330,1
468997934 WeierstrassW1 -0.5,0.5,90,1
733178520 SchwefelS1 -100,100,-310,0.01
81098561 RastriginS1 -5,5,-211,1
2063093534 RastriginR1 -5.12,5.12,-330,1
693320722 SphereS1 -100,100,-450,0.001
1060115869 RosenbrockR1 -30,30,390,1
1809396572 GriewankG1 -600,600,-180,1
2030022168 RosenbrockR1 -30,30,390,1
254669501 SphereS1 -100,100,-450,0.001
1104669333 RastriginS1 -5,5,-211,1
1674532334 RastriginR1 -5.12,5.12,-330,1
1028381553 SchwefelS1 -100,100,-310,0.01
1593680143 GriewankG1 -600,600,-180,1
1284983566 WeierstrassW1 -0.5,0.5,90,1
305068664 GriewankG1 -600,600,-180,1
577258599 RosenbrockR1 -30,30,390,1
2091740498 RastriginS1 -5,5,-211,1
507928500 SphereS1 -100,100,-450,0.001
672994738 RastriginR1 -5.12,5.12,-330,1
37090147 SchwefelS1 -100,100,-310,0.01
1264624707 WeierstrassW1 -0.5,0.5,90,1
1205249412 SchwefelS1 -100,100,-310,0.01
1785417857 SphereS1 -100,100,-450,0.001
581472179 WeierstrassW1 -0.5,0.5,90,1
269820502 RastriginS1 -5,5,-211,1
800537896 RastriginR1 -5.12,5.12,-330,1
691226775 GriewankG1 -600,600,-180,1
289198960 RosenbrockR1 -30,30,390,1
857483635 GriewankG1 -600,600,-180,1
2136380791 RastriginS1 -5,5,-211,1
21436225 RosenbrockR1 -30,30,390,1
1734327543 SchwefelS1 -100,100,-310,0.01
207486922 WeierstrassW1 -0.5,0.5,90,1
737311949 SphereS1 -100,100,-450,0.001
376629414 RastriginR1 -5.12,5.12,-330,1
1571544949 WeierstrassW1 -0.5,0.5,90,1
177156916 GriewankG1 -600,600,-180,1
976538451 RosenbrockR1 -30,30,390,1
1081739502 RastriginR1 -5.12,5.12,-330,1
1721202405 SchwefelS1 -100,100,-310,0.01
1731195758 SphereS1 -100,100,-450,0.001
763855748 RastriginS1 -5,5,-211,1
2044647622 RastriginS1 -5,5,-211,1
792679844 WeierstrassW1 -0.5,0.5,90,1
1575937503 RastriginR1 -5.12,5.12,-330,1
944193965 SphereS1 -100,100,-450,0.001
1500208417 GriewankG1 -600,600,-180,1
2000272353 SchwefelS1 -100,100,-310,0.01
730669698 RosenbrockR1 -30,30,390,1
937942596 RastriginS1 -5,5,-211,1
1588268746 SchwefelS1 -100,100,-310,0.01
555381175 SphereS1 -100,100,-450,0.001
2036054195 WeierstrassW1 -0.5,0.5,90,1
1091847780 RastriginR1 -5.12,5.12,-330,1
1789616063 GriewankG1 -600,600,-180,1
1809318845 RosenbrockR1 -30,30,390,1
764681150 RosenbrockR1 -30,30,390,1
1299099026 SchwefelS1 -100,100,-310,0.01
1179971957 RastriginS1 -5,5,-211,1
222152657 SphereS1 -100,100,-450,0.001
635411552 WeierstrassW1 -0.5,0.5,90,1
70835483 GriewankG1 -600,600,-180,1
381560398 RastriginR1 -5.12,5.12,-330,1
2002019100 SchwefelS1 -100,100,-310,0.01
1944526055 RastriginS1 -5,5,-211,1
724035441 SphereS1 -100,100,-450,0.001
1929660849 RastriginR1 -5.12,5.12,-330,1
1775107114 GriewankG1 -600,600,-180,1
1608485313 RosenbrockR1 -30,30,390,1
1591019318 WeierstrassW1 -0.5,0.5,90,1
476580055 RastriginS1 -5,5,-211,1
1740389572 RastriginR1 -5.12,5.12,-330,1
573540239 SchwefelS1 -100,100,-310,0.01
1823776458 SphereS1 -100,100,-450,0.001
986616687 GriewankG1 -600,600,-180,1
2038389847 RosenbrockR1 -30,30,390,1
1040018161 WeierstrassW1 -0.5,0.5,90,1
412381670 WeierstrassW1 -0.5,0.5,90,1
50342457 RastriginR1 -5.12,5.12,-330,1
59175075 RastriginS1 -5,5,-211,1
643077029 RosenbrockR1 -30,30,390,1
242007319 SchwefelS1 -100,100,-310,0.01
984245854 SphereS1 -100,100,-450,0.001
541259344 GriewankG1 -600,600,-180,1
57362333 SphereS1 -100,100,-450,0.001
1452367341 RosenbrockR1 -30,30,390,1
1157740586 GriewankG1 -600,600,-180,1
1474465105 RastriginR1 -5.12,5.12,-330,1
1751712451 WeierstrassW1 -0.5,0.5,90,1
1036601065 RastriginS1 -5,5,-211,1
99474681 SchwefelS1 -100,100,-310,0.01
31737392 RastriginR1 -5.12,5.12,-330,1
298444805 RosenbrockR1 -30,30,390,1
69788979 WeierstrassW1 -0.5,0.5,90,1
710434976 SchwefelS1 -100,100,-310,0.01
1596720812 SphereS1 -100,100,-450,0.001
958758929 GriewankG1 -600,600,-180,1
239600720 RastriginS1 -5,5,-211,1
848633962 RosenbrockR1 -30,30,390,1
1248121215 GriewankG1 -600,600,-180,1
376323517 SphereS1 -100,100,-450,0.001
1451378796 RastriginS1 -5,5,-211,1
1036214777 RastriginR1 -5.12,5.12,-330,1
1865142441 SchwefelS1 -100,100,-310,0.01
767323263 WeierstrassW1 -0.5,0.5,90,1
1265280258 WeierstrassW1 -0.5,0.5,90,1
321417393 RastriginR1 -5.12,5.12,-330,1
1302885770 RastriginS1 -5,5,-211,1
127753323 RosenbrockR1 -30,30,390,1
1426415027 SphereS1 -100,100,-450,0.001
1676264564 GriewankG1 -600,600,-180,1
1456589428 SchwefelS1 -100,100,-310,0.01
1332533510 SchwefelS1 -100,100,-310,0.01
1498882066 RosenbrockR1 -30,30,390,1
1717562235 SphereS1 -100,100,-450,0.001
1577234944 RastriginS1 -5,5,-211,1
1450677559 WeierstrassW1 -0.5,0.5,90,1
1089387729 RastriginR1 -5.12,5.12,-330,1
323943640 GriewankG1 -600,600,-180,1
786172229 RastriginR1 -5.12,5.12,-330,1
2079524241 RastriginS1 -5,5,-211,1
474766324 RosenbrockR1 -30,30,390,1
651539520 GriewankG1 -600,600,-180,1
663422836 SchwefelS1 -100,100,-310,0.01
224744090 WeierstrassW1 -0.5,0.5,90,1
801452336 SphereS1 -100,100,-450,0.001
994074037 GriewankG1 -600,600,-180,1
933144275 RosenbrockR1 -30,30,390,1
1258278646 RastriginR1 -5.12,5.12,-330,1
371586979 WeierstrassW1 -0.5,0.5,90,1
743528111 SphereS1 -100,100,-450,0.001
1532539853 SchwefelS1 -100,100,-310,0.01
16059565 RastriginS1 -5,5,-211,1
1855241886 SphereS1 -100,100,-450,0.001
318384967 RastriginS1 -5,5,-211,1
587562373 WeierstrassW1 -0.5,0.5,90,1
2035267346 RosenbrockR1 -30,30,390,1
278252453 GriewankG1 -600,600,-180,1
465187123 SchwefelS1 -100,100,-310,0.01
1749633643 RastriginR1 -5.12,5.12,-330,1
298168408 WeierstrassW1 -0.5,0.5,90,1
216479868 GriewankG1 -600,600,-180,1
664027003 RastriginS1 -5,5,-211,1
938711508 SchwefelS1 -100,100,-310,0.01
581568216 RastriginR1 -5.12,5.12,-330,1
19526916 RosenbrockR1 -30,30,390,1
1678481246 SphereS1 -100,100,-450,0.001
1777641967 SchwefelS1 -100,100,-310,0.01
152533773 GriewankG1 -600,600,-180,1
196245927 WeierstrassW1 -0.5,0.5,90,1
661336322 SphereS1 -100,100,-450,0.001
1473218629 RastriginR1 -5.12,5.12,-330,1
1279597101 RastriginS1 -5,5,-211,1
248724015 RosenbrockR1 -30,30,390,1
185214425 RosenbrockR1 -30,30,390,1
255198646 WeierstrassW1 -0.5,0.5,90,1
1641657047 SchwefelS1 -100,100,-310,0.01
1253238718 RastriginS1 -5,5,-211,1
1308053215 SphereS1 -100,100,-450,0.001
1005761128 RastriginR1 -5.12,5.12,-330,1
1449430343 GriewankG1 -600,600,-180,1
1712718525 RastriginS1 -5,5,-211,1
1630678008 RastriginR1 -5.12,5.12,-330,1
25612674 SchwefelS1 -100,100,-310,0.01
1078663905 GriewankG1 -600,600,-180,1
1502590282 RosenbrockR1 -30,30,390,1
223505941 SphereS1 -100,100,-450,0.001
650554932 WeierstrassW1 -0.5,0.5,90,1
838277351 SchwefelS1 -100,100,-310,0.01
246494403 RastriginS1 -5,5,-211,1
1438963045 WeierstrassW1 -0.5,0.5,90,1
1547391110 RastriginR1 -5.12,5.12,-330,1
1748825974 GriewankG1 -600,600,-180,1
235003373 RosenbrockR1 -30,30,390,1
31345550 SphereS1 -100,100,-450,0.001
551050202 RosenbrockR1 -30,30,390,1
1954651764 WeierstrassW1 -0.5,0.5,90,1
337300486 RastriginS1 -5,5,-211,1
1953904755 GriewankG1 -600,600,-180,1
2131482256 SchwefelS1 -100,100,-310,0.01
795535589 SphereS1 -100,100,-450,0.001
526665047 RastriginR1 -5.12,5.12,-330,1
929637559 RastriginS1 -5,5,-211,1
3690413 RosenbrockR1 -30,30,390,1
1117040375 SphereS1 -100,100,-450,0.001
1428522270 GriewankG1 -600,600,-180,1
13756681 SchwefelS1 -100,100,-310,0.01
510606690 WeierstrassW1 -0.5,0.5,90,1
377836851 RastriginR1 -5.12,5.12,-330,1
108036716 RastriginS1 -5,5,-211,1
2100676508 GriewankG1 -600,600,-180,1
300124648 SchwefelS1 -100,100,-310,0.01
1837237087 WeierstrassW1 -0.5,0.5,90,1
2015443805 RosenbrockR1 -30,30,390,1
397438709 RastriginR1 -5.12,5.12,-330,1
1542931355 SphereS1 -100,100,-450,0.001
1088612923 RosenbrockR1 -30,30,390,1
939585908 RastriginR1 -5.12,5.12,-330,1
272229936 WeierstrassW1 -0.5,0.5,90,1
2061852318 SphereS1 -100,100,-450,0.001
399633277 GriewankG1 -600,600,-180,1
59728196 SchwefelS1 -100,100,-310,0.01
989505758 RastriginS1 -5,5,-211,1
1271472299 SchwefelS1 -100,100,-310,0.01
1877384414 RosenbrockR1 -30,30,390,1
45027352 SphereS1 -100,100,-450,0.001
1665507564 GriewankG1 -600,600,-180,1
1337979127 WeierstrassW1 -0.5,0.5,90,1
367753539 RastriginS1 -5,5,-211,1
1621704501 RastriginR1 -5.12,5.12,-330,1
1120002608 SphereS1 -100,100,-450,0.001
206641097 RastriginR1 -5.12,5.12,-330,1
1728041302 WeierstrassW1 -0.5,0.5,90,1
1806898450 RastriginS1 -5,5,-211,1
1999053029 GriewankG1 -600,600,-180,1
281950732 SchwefelS1 -100,100,-310,0.01
104717808 RosenbrockR1 -30,30,390,1
630799933 SphereS1 -100,100,-450,0.001
1291180597 GriewankG1 -600,600,-180,1
4372732 WeierstrassW1 -0.5,0.5,90,1
1869259530 RastriginS1 -5,5,-211,1
831433537 SchwefelS1 -100,100,-310,0.01
592621073 RastriginR1 -5.12,5.12,-330,1
2140453565 RosenbrockR1 -30,30,390,1
1156716276 RastriginR1 -5.12,5.12,-330,1
976004 SchwefelS1 -100,100,-310,0.01
1291477117 GriewankG1 -600,600,-180,1
839543658 RastriginS1 -5,5,-211,1
390358517 SphereS1 -100,100,-450,0.001
101565329 RosenbrockR1 -30,30,390,1
1918630746 WeierstrassW1 -0.5,0.5,90,1
957358048 RosenbrockR1 -30,30,390,1
1133995451 GriewankG1 -600,600,-180,1
1480079473 WeierstrassW1 -0.5,0.5,90,1
1081688901 SphereS1 -100,100,-450,0.001
718157686 SchwefelS1 -100,100,-310,0.01
641260145 RastriginR1 -5.12,5.12,-330,1
1733820009 RastriginS1 -5,5,-211,1
63529904 RosenbrockR1 -30,30,390,1
1115450491 RastriginS1 -5,5,-211,1
883290433 WeierstrassW1 -0.5,0.5,90,1
1462824933 SphereS1 -100,100,-450,0.001
1180490397 GriewankG1 -600,600,-180,1
756618792 SchwefelS1 -100,100,-310,0.01
1707558067 RastriginR1 -5.12,5.12,-330,1
669893078 RastriginS1 -5,5,-211,1
2012523780 SphereS1 -100,100,-450,0.001
1599469353 GriewankG1 -600,600,-180,1
745845591 WeierstrassW1 -0.5,0.5,90,1
1482767631 RastriginR1 -5.12,5.12,-330,1
290934591 RosenbrockR1 -30,30,390,1
171790473 SchwefelS1 -100,100,-310,0.01
528110065 GriewankG1 -600,600,-180,1
2079040773 RosenbrockR1 -30,30,390,1
1524727830 RastriginR1 -5.12,5.12,-330,1
1955862915 SchwefelS1 -100,100,-310,0.01
557171353 WeierstrassW1 -0.5,0.5,90,1
1638589429 SphereS1 -100,100,-450,0.001
1639127729 RastriginS1 -5,5,-211,1
492141636 RastriginS1 -5,5,-211,1
838335967 RastriginR1 -5.12,5.12,-330,1
1751942101 SphereS1 -100,100,-450,0.001
428059284 GriewankG1 -600,600,-180,1
894609124 RosenbrockR1 -30,30,390,1
1855108901 WeierstrassW1 -0.5,0.5,90,1
830272171 SchwefelS1 -100,100,-310,0.01
334089313 WeierstrassW1 -0.5,0.5,90,1
1735516822 SchwefelS1 -100,100,-310,0.01
57925728 RastriginS1 -5,5,-211,1
1318839650 GriewankG1 -600,600,-180,1
425057081 RastriginR1 -5.12,5.12,-330,1
2029508292 RosenbrockR1 -30,30,390,1
1972278641 SphereS1 -100,100,-450,0.001
1480544644 GriewankG1 -600,600,-180,1
791403099 RastriginS1 -5,5,-211,1
372730412 SphereS1 -100,100,-450,0.001
1227978548 SchwefelS1 -100,100,-310,0.01
2139188834 RastriginR1 -5.12,5.12,-330,1
226471880 RosenbrockR1 -30,30,390,1
1690017117 WeierstrassW1 -0.5,0.5,90,1
1408660132 GriewankG1 -600,600,-180,1
1544624394 SphereS1 -100,100,-450,0.001
191046302 RastriginS1 -5,5,-211,1
1127991998 RastriginR1 -5.12,5.12,-330,1
1454170731 SchwefelS1 -100,100,-310,0.01
1192368383 WeierstrassW1 -0.5,0.5,90,1
847407682 RosenbrockR1 -30,30,390,1
1199521909 GriewankG1 -600,600,-180,1
1957985036 SphereS1 -100,100,-450,0.001
1569597350 WeierstrassW1 -0.5,0.5,90,1
1022586219 SchwefelS1 -100,100,-310,0.01
1546118966 RosenbrockR1 -30,30,390,1
55949582 RastriginS1 -5,5,-211,1
591601081 RastriginR1 -5.12,5.12,-330,1
3697419 SchwefelS1 -100,100,-310,0.01
64005906 SphereS1 -100,100,-450,0.001
1491617630 GriewankG1 -600,600,-180,1
1450570339 RastriginR1 -5.12,5.12,-330,1
19891180 RastriginS1 -5,5,-211,1
2114752250 WeierstrassW1 -0.5,0.5,90,1
128328772 RosenbrockR1 -30,30,390,1
1807034985 SchwefelS1 -100,100,-310,0.01
891141612 RastriginR1 -5.12,5.12,-330,1
1571964459 RosenbrockR1 -30,30,390,1
1622854465 WeierstrassW1 -0.5,0.5,90,1
1525997726 SphereS1 -100,100,-450,0.001
1766007319 GriewankG1 -600,600,-180,1
2131408562 RastriginS1 -5,5,-211,1
1999003317 GriewankG1 -600,600,-180,1
868920427 RastriginS1 -5,5,-211,1
1960368803 SchwefelS1 -100,100,-310,0.01
441361299 RosenbrockR1 -30,30,390,1
2136565071 SphereS1 -100,100,-450,0.001
1655954650 RastriginR1 -5.12,5.12,-330,1
352663389 WeierstrassW1 -0.5,0.5,90,1
290976666 WeierstrassW1 -0.5,0.5,90,1
2010095161 GriewankG1 -600,600,-180,1
1246518660 SphereS1 -100,100,-450,0.001
1816551519 RosenbrockR1 -30,30,390,1
540869676 RastriginS1 -5,5,-211,1
940994978 RastriginR1 -5.12,5.12,-330,1
308409729 SchwefelS1 -100,100,-310,0.01
1882092204 SphereS1 -100,100,-450,0.001
1534612553 RosenbrockR1 -30,30,390,1
1730604972 WeierstrassW1 -0.5,0.5,90,1
1041085803 RastriginR1 -5.12,5.12,-330,1
53402787 GriewankG1 -600,600,-180,1
1839030578 RastriginS1 -5,5,-211,1
592783685 SchwefelS1 -100,100,-310,0.01
687620681 RastriginS1 -5,5,-211,1
1243864960 RastriginR1 -5.12,5.12,-330,1
696980386 GriewankG1 -600,600,-180,1
1423878252 SchwefelS1 -100,100,-310,0.01
1609455460 SphereS1 -100,100,-450,0.001
1498318253 RosenbrockR1 -30,30,390,1
1855377723 WeierstrassW1 -0.5,0.5,90,1
2138589345 SchwefelS1 -100,100,-310,0.01
1546205644 GriewankG1 -600,600,-180,1
690936543 SphereS1 -100,100,-450,0.001
972277407 WeierstrassW1 -0.5,0.5,90,1
1439994534 RosenbrockR1 -30,30,390,1
1369574401 RastriginR1 -5.12,5.12,-330,1
1709514136 RastriginS1 -5,5,-211,1
284088004 RosenbrockR1 -30,30,390,1
630004738 SchwefelS1 -100,100,-310,0.01
371588250 RastriginR1 -5.12,5.12,-330,1
1086686136 RastriginS1 -5,5,-211,1
1040624608 GriewankG1 -600,600,-180,1
1355089494 SphereS1 -100,100,-450,0.001
575054570 WeierstrassW1 -0.5,0.5,90,1
1565512654 GriewankG1 -600,600,-180,1
1428378814 RastriginS1 -5,5,-211,1
799009876 WeierstrassW1 -0.5,0.5,90,1
1185209246 SchwefelS1 -100,100,-310,0.01
689822530 RastriginR1 -5.12,5.12,-330,1
1741689935 RosenbrockR1 -30,30,390,1
246081857 SphereS1 -100,100,-450,0.001
1367076688 SphereS1 -100,100,-450,0.001
707050301 RastriginR1 -5.12,5.12,-330,1
2115915871 SchwefelS1 -100,100,-310,0.01
1115538493 WeierstrassW1 -0.5,0.5,90,1
1874170756 RastriginS1 -5,5,-211,1
1708261342 RosenbrockR1 -30,30,390,1
53206317 GriewankG1 -600,600,-180,1
759515615 SphereS1 -100,100,-450,0.001
89469386 SchwefelS1 -100,100,-310,0.01
390880958 RastriginR1 -5.12,5.12,-330,1
1909278790 RastriginS1 -5,5,-211,1
139686930 WeierstrassW1 -0.5,0.5,90,1
1467107566 GriewankG1 -600,600,-180,1
1794307530 RosenbrockR1 -30,30,390,1
558453706 RastriginR1 -5.12,5.12,-330,1
377550816 RosenbrockR1 -30,30,390,1
1094089266 SchwefelS1 -100,100,-310,0.01
1234514603 WeierstrassW1 -0.5,0.5,90,1
1965200273 GriewankG1 -600,600,-180,1
2134174558 SphereS1 -100,100,-450,0.001
1194824194 RastriginS1 -5,5,-211,1
1875661144 WeierstrassW1 -0.5,0.5,90,1
1453445127 SphereS1 -100,100,-450,0.001
1753093350 SchwefelS1 -100,100,-310,0.01
406377294 RastriginR1 -5.12,5.12,-330,1
1174679211 GriewankG1 -600,600,-180,1
1477898224 RastriginS1 -5,5,-211,1
1906736778 RosenbrockR1 -30,30,390,1
417431460 GriewankG1 -600,600,-180,1
513936880 SphereS1 -100,100,-450,0.001
1425389276 RosenbrockR1 -30,30,390,1
2050819708 RastriginR1 -5.12,5.12,-330,1
452591526 RastriginS1 -5,5,-211,1
313025413 WeierstrassW1 -0.5,0.5,90,1
929712064 SchwefelS1 -100,100,-310,0.01
963749430 SphereS1 -100,100,-450,0.001
564732439 GriewankG1 -600,600,-180,1
424221883 WeierstrassW1 -0.5,0.5,90,1
1176424759 SchwefelS1 -100,100,-310,0.01
57984010 RastriginS1 -5,5,-211,1
1300526350 RastriginR1 -5.12,5.12,-330,1
1102762619 RosenbrockR1 -30,30,390,1
1033520654 SphereS1 -100,100,-450,0.001
574380701 SchwefelS1 -100,100,-310,0.01
411537704 RosenbrockR1 -30,30,390,1
892342358 GriewankG1 -600,600,-180,1
1372343013 RastriginS1 -5,5,-211,1
238218124 RastriginR1 -5.12,5.12,-330,1
43180068 WeierstrassW1 -0.5,0.5,90,1
1201901457 WeierstrassW1 -0.5,0.5,90,1
527946441 SchwefelS1 -100,100,-310,0.01
1965531973 RastriginR1 -5.12,5.12,-330,1
809178222 GriewankG1 -600,600,-180,1
32691020 SphereS1 -100,100,-450,0.001
1702258639 RosenbrockR1 -30,30,390,1
1194008241 RastriginS1 -5,5,-211,1
1510725898 WeierstrassW1 -0.5,0.5,90,1
1486102647 RosenbrockR1 -30,30,390,1
2013893256 RastriginR1 -5.12,5.12,-330,1
1407868051 RastriginS1 -5,5,-211,1
1393826536 SchwefelS1 -100,100,-310,0.01
180335325 SphereS1 -100,100,-450,0.001
1760756213 GriewankG1 -600,600,-180,1
1122691674 RastriginS1 -5,5,-211,1
1094318917 RosenbrockR1 -30,30,390,1
1250161830 SchwefelS1 -100,100,-310,0.01
1233899895 RastriginR1 -5.12,5.12,-330,1
648204248 GriewankG1 -600,600,-180,1
1573964176 WeierstrassW1 -0.5,0.5,90,1
110106682 SphereS1 -100,100,-450,0.001
1795910089 RastriginR1 -5.12,5.12,-330,1
1750350856 RastriginS1 -5,5,-211,1
1594587813 SphereS1 -100,100,-450,0.001
1477015091 RosenbrockR1 -30,30,390,1
2022182612 GriewankG1 -600,600,-180,1
364640978 SchwefelS1 -100,100,-310,0.01
2014307567 WeierstrassW1 -0.5,0.5,90,1
1508978205 GriewankG1 -600,600,-180,1
166724271 RastriginR1 -5.12,5.12,-330,1
614527740 SchwefelS1 -100,100,-310,0.01
191915170 RosenbrockR1 -30,30,390,1
757190374 SphereS1 -100,100,-450,0.001
1834407652 RastriginS1 -5,5,-211,1
1408451474 WeierstrassW1 -0.5,0.5,90,1
1806670009 SphereS1 -100,100,-450,0.001
1848851406 GriewankG1 -600,600,-180,1
45920721 WeierstrassW1 -0.5,0.5,90,1
399785349 SchwefelS1 -100,100,-310,0.01
415464835 RosenbrockR1 -30,30,390,1
1365986421 RastriginS1 -5,5,-211,1
354519309 RastriginR1 -5.12,5.12,-330,1
235802242 SphereS1 -100,100,-450,0.001
860456585 WeierstrassW1 -0.5,0.5,90,1
674653969 SchwefelS1 -100,100,-310,0.01
1903559079 RastriginS1 -5,5,-211,1
1532305517 RastriginR1 -5.12,5.12,-330,1
136585376 RosenbrockR1 -30,30,390,1
777254169 GriewankG1 -600,600,-180,1
289728140 RastriginR1 -5.12,5.12,-330,1
2144279026 RosenbrockR1 -30,30,390,1
825251056 RastriginS1 -5,5,-211,1
326922671 GriewankG1 -600,600,-180,1
987112462 SphereS1 -100,100,-450,0.001
2136178745 WeierstrassW1 -0.5,0.5,90,1
499867579 SchwefelS1 -100,100,-310,0.01
2125729202 RosenbrockR1 -30,30,390,1
1294000480 WeierstrassW1 -0.5,0.5,90,1
344322246 GriewankG1 -600,600,-180,1
649190988 RastriginS1 -5,5,-211,1
286136454 SchwefelS1 -100,100,-310,0.01
1982006001 SphereS1 -100,100,-450,0.001
1869113609 RastriginR1 -5.12,5.12,-330,1
358775322 RastriginR1 -5.12,5.12,-330,1
423457454 GriewankG1 -600,600,-180,1
1486334145 RosenbrockR1 -30,30,390,1
787077100 RastriginS1 -5,5,-211,1
1773689164 SchwefelS1 -100,100,-310,0.01
445183072 WeierstrassW1 -0.5,0.5,90,1
1846565869 SphereS1 -100,100,-450,0.001
1519079266 RastriginS1 -5,5,-211,1
1222300575 GriewankG1 -600,600,-180,1
259752977 SphereS1 -100,100,-450,0.001
689428745 RastriginR1 -5.12,5.12,-330,1
93725905 WeierstrassW1 -0.5,0.5,90,1
1270220007 SchwefelS1 -100,100,-310,0.01
1970569045 RosenbrockR1 -30,30,390,1
1270409233 GriewankG1 -600,600,-180,1
241824900 SchwefelS1 -100,100,-310,0.01
1532951729 SphereS1 -100,100,-450,0.001
741178629 RastriginR1 -5.12,5.12,-330,1
394069748 WeierstrassW1 -0.5,0.5,90,1
965596724 RastriginS1 -5,5,-211,1
1951010099 RosenbrockR1 -30,30,390,1
833771957 RosenbrockR1 -30,30,390,1
959034980 GriewankG1 -600,600,-180,1
1362912271 WeierstrassW1 -0.5,0.5,90,1
1832850207 SphereS1 -100,100,-450,0.001
889219561 RastriginS1 -5,5,-211,1
433604978 RastriginR1 -5.12,5.12,-330,1
626496087 SchwefelS1 -100,100,-310,0.01
635452731 RosenbrockR1 -30,30,390,1
330863128 GriewankG1 -600,600,-180,1
1620092218 SphereS1 -100,100,-450,0.001
491218472 WeierstrassW1 -0.5,0.5,90,1
258843143 RastriginR1 -5.12,5.12,-330,1
357246440 RastriginS1 -5,5,-211,1
1886203362 SchwefelS1 -100,100,-310,0.01
900119369 WeierstrassW1 -0.5,0.5,90,1
241667513 RastriginS1 -5,5,-211,1
486872233 SchwefelS1 -100,100,-310,0.01
1232481312 RastriginR1 -5.12,5.12,-330,1
348326496 SphereS1 -100,100,-450,0.001
1452354917 RosenbrockR1 -30,30,390,1
9349941 GriewankG1 -600,600,-180,1
1156825391 WeierstrassW1 -0.5,0.5,90,1
145216238 RastriginR1 -5.12,5.12,-330,1
2009454034 RosenbrockR1 -30,30,390,1
175348716 SphereS1 -100,100,-450,0.001
879503983 RastriginS1 -5,5,-211,1
982681635 GriewankG1 -600,600,-180,1
1277866921 SchwefelS1 -100,100,-310,0.01
716247157 RastriginS1 -5,5,-211,1
767940867 SphereS1 -100,100,-450,0.001
108049420 SchwefelS1 -100,100,-310,0.01
1776936583 RastriginR1 -5.12,5.12,-330,1
1980892218 WeierstrassW1 -0.5,0.5,90,1
247699384 GriewankG1 -600,600,-180,1
1119610861 RosenbrockR1 -30,30,390,1
1303206505 RastriginR1 -5.12,5.12,-330,1
1415452099 SchwefelS1 -100,100,-310,0.01
1618253928 WeierstrassW1 -0.5,0.5,90,1
803402003 RosenbrockR1 -30,30,390,1
890144318 RastriginS1 -5,5,-211,1
476082060 SphereS1 -100,100,-450,0.001
966874588 GriewankG1 -600,600,-180,1
1057688782 RosenbrockR1 -30,30,390,1
2137716073 SphereS1 -100,100,-450,0.001
46398978 SchwefelS1 -100,100,-310,0.01
1307105161 WeierstrassW1 -0.5,0.5,90,1
382675226 RastriginR1 -5.12,5.12,-330,1
303371943 RastriginS1 -5,5,-211,1
1614147829 GriewankG1 -600,600,-180,1
1207360103 SphereS1 -100,100,-450,0.001
435297680 GriewankG1 -600,600,-180,1
1682232784 RastriginS1 -5,5,-211,1
299766953 SchwefelS1 -100,100,-310,0.01
71730966 WeierstrassW1 -0.5,0.5,90,1
195043397 RosenbrockR1 -30,30,390,1
943674474 RastriginR1 -5.12,5.12,-330,1
1001891734 RastriginS1 -5,5,-211,1
281408696 GriewankG1 -600,600,-180,1
1355110641 SchwefelS1 -100,100,-310,0.01
1545213871 SphereS1 -100,100,-450,0.001
135766202 WeierstrassW1 -0.5,0.5,90,1
286917756 RastriginR1 -5.12,5.12,-330,1
18528187 RosenbrockR1 -30,30,390,1
928201328 RastriginS1 -5,5,-211,1
231491542 RastriginR1 -5.12,5.12,-330,1
558403791 RosenbrockR1 -30,30,390,1
431361067 WeierstrassW1 -0.5,0.5,90,1
191642639 SphereS1 -100,100,-450,0.001
82585937 GriewankG1 -600,600,-180,1
1681230277 SchwefelS1 -100,100,-310,0.01
1349937351 RastriginS1 -5,5,-211,1
344311967 SchwefelS1 -100,100,-310,0.01
1612990392 WeierstrassW1 -0.5,0.5,90,1
1902456493 RosenbrockR1 -30,30,390,1
1273023638 RastriginR1 -5.12,5.12,-330,1
591384754 GriewankG1 -600,600,-180,1
1858588681 SphereS1 -100,100,-450,0.001
379724849 SchwefelS1 -100,100,-310,0.01
1436008414 WeierstrassW1 -0.5,0.5,90,1
993772037 SphereS1 -100,100,-450,0.001
1981894694 RastriginS1 -5,5,-211,1
492491346 GriewankG1 -600,600,-180,1
1131641829 RosenbrockR1 -30,30,390,1
1778428486 RastriginR1 -5.12,5.12,-330,1
1868954517 RastriginS1 -5,5,-211,1
525979125 SphereS1 -100,100,-450,0.001
961055428 GriewankG1 -600,600,-180,1
1024505348 SchwefelS1 -100,100,-310,0.01
1922080286 RastriginR1 -5.12,5.12,-330,1
2017505133 RosenbrockR1 -30,30,390,1
425760921 WeierstrassW1 -0.5,0.5,90,1
207580364 RastriginS1 -5,5,-211,1
801012610 GriewankG1 -600,600,-180,1
1352030954 SchwefelS1 -100,100,-310,0.01
2104872688 RastriginR1 -5.12,5.12,-330,1
346561129 SphereS1 -100,100,-450,0.001
315730548 WeierstrassW1 -0.5,0.5,90,1
680963227 RosenbrockR1 -30,30,390,1
1614136232 SphereS1 -100,100,-450,0.001
361567391 RastriginS1 -5,5,-211,1
1354128891 WeierstrassW1 -0.5,0.5,90,1
2080926327 SchwefelS1 -100,100,-310,0.01
1169960358 RastriginR1 -5.12,5.12,-330,1
308168420 RosenbrockR1 -30,30,390,1
2132106587 GriewankG1 -600,600,-180,1
660359941 RastriginR1 -5.12,5.12,-330,1
964599171 SchwefelS1 -100,100,-310,0.01
1150888591 WeierstrassW1 -0.5,0.5,90,1
1554247329 RosenbrockR1 -30,30,390,1
916134877 GriewankG1 -600,600,-180,1
1724242354 SphereS1 -100,100,-450,0.001
1878119790 RastriginS1 -5,5,-211,1
218075390 GriewankG1 -600,600,-180,1
1947816597 SphereS1 -100,100,-450,0.001
115234733 RastriginR1 -5.12,5.12,-330,1
1967484236 RastriginS1 -5,5,-211,1
1797202397 WeierstrassW1 -0.5,0.5,90,1
1160075976 SchwefelS1 -100,100,-310,0.01
2029881457 RosenbrockR1 -30,30,390,1
1388025364 RastriginR1 -5.12,5.12,-330,1
298487632 SchwefelS1 -100,100,-310,0.01
633572403 RastriginS1 -5,5,-211,1
343829442 RosenbrockR1 -30,30,390,1
358589415 WeierstrassW1 -0.5,0.5,90,1
1955443956 SphereS1 -100,100,-450,0.001
918646667 GriewankG1 -600,600,-180,1
533498695 SphereS1 -100,100,-450,0.001
2106995481 RastriginR1 -5.12,5.12,-330,1
1795882677 WeierstrassW1 -0.5,0.5,90,1
589283099 SchwefelS1 -100,100,-310,0.01
712752640 RastriginS1 -5,5,-211,1
1606846758 RosenbrockR1 -30,30,390,1
1140700615 GriewankG1 -600,600,-180,1
1085327453 RastriginS1 -5,5,-211,1
570155615 SchwefelS1 -100,100,-310,0.01
692263373 RastriginR1 -5.12,5.12,-330,1
604622147 GriewankG1 -600,600,-180,1
1665330415 SphereS1 -100,100,-450,0.001
1359476792 WeierstrassW1 -0.5,0.5,90,1
981884242 RosenbrockR1 -30,30,390,1
709169628 SchwefelS1 -100,100,-310,0.01
324731500 SphereS1 -100,100,-450,0.001
340900159 RosenbrockR1 -30,30,390,1
181771653 RastriginR1 -5.12,5.12,-330,1
633688669 WeierstrassW1 -0.5,0.5,90,1
442715385 GriewankG1 -600,600,-180,1
31884113 RastriginS1 -5,5,-211,1
1259505838 SchwefelS1 -100,100,-310,0.01
129350769 GriewankG1 -600,600,-180,1
1573356140 RastriginR1 -5.12,5.12,-330,1
1583914139 SphereS1 -100,100,-450,0.001
934461189 WeierstrassW1 -0.5,0.5,90,1
1738273422 RastriginS1 -5,5,-211,1
1882171841 RosenbrockR1 -30,30,390,1
13993961 RastriginS1 -5,5,-211,1
1335080082 RastriginR1 -5.12,5.12,-330,1
1212413024 RosenbrockR1 -30,30,390,1
1269206405 WeierstrassW1 -0.5,0.5,90,1
688356704 GriewankG1 -600,600,-180,1
543676258 SphereS1 -100,100,-450,0.001
389246743 SchwefelS1 -100,100,-310,0.01
597464205 SchwefelS1 -100,100,-310,0.01
322039408 SphereS1 -100,100,-450,0.001
1103460764 GriewankG1 -600,600,-180,1
1583908470 RosenbrockR1 -30,30,390,1
1214669829 RastriginR1 -5.12,5.12,-330,1
1038517593 WeierstrassW1 -0.5,0.5,90,1
1837633608 RastriginS1 -5,5,-211,1
822556162 WeierstrassW1 -0.5,0.5,90,1
1498724968 RastriginS1 -5,5,-211,1
696889283 SphereS1 -100,100,-450,0.001
93587476 GriewankG1 -600,600,-180,1
2074691221 SchwefelS1 -100,100,-310,0.01
253486321 RosenbrockR1 -30,30,390,1
626450279 RastriginR1 -5.12,5.12,-330,1
1858391728 RastriginS1 -5,5,-211,1
990421250 RastriginR1 -5.12,5.12,-330,1
854461217 SphereS1 -100,100,-450,0.001
1847988685 RosenbrockR1 -30,30,390,1
1343913807 SchwefelS1 -100,100,-310,0.01
1309042351 GriewankG1 -600,600,-180,1
639458375 WeierstrassW1 -0.5,0.5,90,1
489967787 WeierstrassW1 -0.5,0.5,90,1
604142098 SchwefelS1 -100,100,-310,0.01
1652079084 SphereS1 -100,100,-450,0.001
2142735733 GriewankG1 -600,600,-180,1
603333019 RastriginS1 -5,5,-211,1
1539033339 RosenbrockR1 -30,30,390,1
144160669 RastriginR1 -5.12,5.12,-330,1
1125482070 SphereS1 -100,100,-450,0.001
1107850657 RosenbrockR1 -30,30,390,1
703560919 RastriginS1 -5,5,-211,1
914556065 SchwefelS1 -100,100,-310,0.01
1456754224 RastriginR1 -5.12,5.12,-330,1
958756065 WeierstrassW1 -0.5,0.5,90,1
722018471 GriewankG1 -600,600,-180,1
1934969458 GriewankG1 -600,600,-180,1
1461375449 SchwefelS1 -100,100,-310,0.01
1385215295 SphereS1 -100,100,-450,0.001
1847619884 RastriginR1 -5.12,5.12,-330,1
867831756 RosenbrockR1 -30,30,390,1
1291176452 WeierstrassW1 -0.5,0.5,90,1
851505419 RastriginS1 -5,5,-211,1
1657358605 RastriginS1 -5,5,-211,1
1000801265 RosenbrockR1 -30,30,390,1
174818727 GriewankG1 -600,600,-180,1
1323019396 WeierstrassW1 -0.5,0.5,90,1
867090436 SphereS1 -100,100,-450,0.001
1975447509 RastriginR1 -5.12,5.12,-330,1
905821793 SchwefelS1 -100,100,-310,0.01
1588240834 SphereS1 -100,100,-450,0.001
336185100 WeierstrassW1 -0.5,0.5,90,1
2128221694 RastriginR1 -5.12,5.12,-330,1
444367625 RosenbrockR1 -30,30,390,1
1689196131 SchwefelS1 -100,100,-310,0.01
651314607 GriewankG1 -600,600,-180,1
1030251268 RastriginS1 -5,5,-211,1
547730121 SchwefelS1 -100,100,-310,0.01
1531751810 SphereS1 -100,100,-450,0.001
428177201 RastriginS1 -5,5,-211,1
543083978 GriewankG1 -600,600,-180,1
1644153543 RosenbrockR1 -30,30,390,1
684438896 RastriginR1 -5.12,5.12,-330,1
2100653128 WeierstrassW1 -0.5,0.5,90,1
1201507456 SphereS1 -100,100,-450,0.001
1250607238 RastriginR1 -5.12,5.12,-330,1
1835944618 GriewankG1 -600,600,-180,1
1359177249 RastriginS1 -5,5,-211,1
1684742228 SchwefelS1 -100,100,-310,0.01
252802370 WeierstrassW1 -0.5,0.5,90,1
607063761 RosenbrockR1 -30,30,390,1
348586184 SphereS1 -100,100,-450,0.001
1535669234 RosenbrockR1 -30,30,390,1
2013446327 GriewankG1 -600,600,-180,1
823465526 RastriginR1 -5.12,5.12,-330,1
5742868 RastriginS1 -5,5,-211,1
798097518 SchwefelS1 -100,100,-310,0.01
971722186 WeierstrassW1 -0.5,0.5,90,1
743966347 SchwefelS1 -100,100,-310,0.01
164911160 GriewankG1 -600,600,-180,1
1540550205 RastriginR1 -5.12,5.12,-330,1
1078643482 SphereS1 -100,100,-450,0.001
1570547746 RosenbrockR1 -30,30,390,1
1950845037 WeierstrassW1 -0.5,0.5,90,1
195643925 RastriginS1 -5,5,-211,1
2021035852 SphereS1 -100,100,-450,0.001
402797473 SchwefelS1 -100,100,-310,0.01
1652681748 GriewankG1 -600,600,-180,1
770105405 WeierstrassW1 -0.5,0.5,90,1
1809772816 RosenbrockR1 -30,30,390,1
827214704 RastriginS1 -5,5,-211,1
672366178 RastriginR1 -5.12,5.12,-330,1
9886754 WeierstrassW1 -0.5,0.5,90,1
93148022 RosenbrockR1 -30,30,390,1
1110554532 SchwefelS1 -100,100,-310,0.01
1894806044 RastriginR1 -5.12,5.12,-330,1
1668845001 RastriginS1 -5,5,-211,1
125908343 SphereS1 -100,100,-450,0.001
385269743 GriewankG1 -600,600,-180,1
1785476166 SphereS1 -100,100,-450,0.001
384183579 RastriginS1 -5,5,-211,1
647339952 RosenbrockR1 -30,30,390,1
1423976552 RastriginR1 -5.12,5.12,-330,1
881048618 GriewankG1 -600,600,-180,1
258642612 SchwefelS1 -100,100,-310,0.01
44649610 WeierstrassW1 -0.5,0.5,90,1
1245217504 RastriginS1 -5,5,-211,1
1420666147 RosenbrockR1 -30,30,390,1
2123354679 SphereS1 -100,100,-450,0.001
288001108 SchwefelS1 -100,100,-310,0.01
1552895282 WeierstrassW1 -0.5,0.5,90,1
391577285 RastriginR1 -5.12,5.12,-330,1
1099189220 GriewankG1 -600,600,-180,1
1973490419 SchwefelS1 -100,100,-310,0.01
1550756550 WeierstrassW1 -0.5,0.5,90,1
445380817 RastriginR1 -5.12,5.12,-330,1
2135599980 RosenbrockR1 -30,30,390,1
2100615346 SphereS1 -100,100,-450,0.001
496213429 RastriginS1 -5,5,-211,1
2075480282 GriewankG1 -600,600,-180,1
735686511 SchwefelS1 -100,100,-310,0.01
1162877981 SphereS1 -100,100,-450,0.001
2013685852 RastriginS1 -5,5,-211,1
271131295 RastriginR1 -5.12,5.12,-330,1
412671578 RosenbrockR1 -30,30,390,1
1367741473 WeierstrassW1 -0.5,0.5,90,1
654246750 GriewankG1 -600,600,-180,1
1072172306 GriewankG1 -600,600,-180,1
2099618582 RosenbrockR1 -30,30,390,1
1825225324 SphereS1 -100,100,-450,0.001
969057281 RastriginS1 -5,5,-211,1
1023290769 RastriginR1 -5.12,5.12,-330,1
2064048513 SchwefelS1 -100,100,-310,0.01
278085334 WeierstrassW1 -0.5,0.5,90,1
1264758707 WeierstrassW1 -0.5,0.5,90,1
575503788 RosenbrockR1 -30,30,390,1
1687678276 SchwefelS1 -100,100,-310,0.01
1134755508 GriewankG1 -600,600,-180,1
1356863652 RastriginR1 -5.12,5.12,-330,1
