2072993999 SchwefelS1 -100,100,-310,0.01
1792521285 RastriginS1 -5,5,-211,1
1269597641 GriewankG1 -600,600,-180,1
1544896695 RosenbrockR1 -30,30,390,1
604317287 SphereS1 -100,100,-450,0.001
1671808516 RastriginR1 -5.12,5.12,-330,1
664743584 WeierstrassW1 -0.5,0.5,90,1
1273617011 RastriginR1 -5.12,5.12,-330,1
1871445373 SphereS1 -100,100,-450,0.001
987998227 GriewankG1 -600,600,-180,1
1584580220 WeierstrassW1 -0.5,0.5,90,1
2124734951 RastriginS1 -5,5,-211,1
1788720734 SchwefelS1 -100,100,-310,0.01
1018941886 RosenbrockR1 -30,30,390,1
910909571 WeierstrassW1 -0.5,0.5,90,1
1484974634 SchwefelS1 -100,100,-310,0.01
107338401 GriewankG1 -600,600,-180,1
1396262437 RastriginS1 -5,5,-211,1
1040311866 RosenbrockR1 -30,30,390,1
1766703120 RastriginR1 -5.12,5.12,-330,1
1265505031 SphereS1 -100,100,-450,0.001
1506167865 WeierstrassW1 -0.5,0.5,90,1
1775975019 SphereS1 -100,100,-450,0.001
2072745984 GriewankG1 -600,600,-180,1
139054267 RastriginS1 -5,5,-211,1
2103105649 RastriginR1 -5.12,5.12,-330,1
1738543385 RosenbrockR1 -30,30,390,1
619720974 SchwefelS1 -100,100,-310,0.01
1849173798 WeierstrassW1 -0.5,0.5,90,1
698946785 SphereS1 -100,100,-450,0.001
1803705510 RastriginS1 -5,5,-211,1
1790540265 GriewankG1 -600,600,-180,1
190146691 RosenbrockR1 -30,30,390,1
1711067006 RastriginR1 -5.12,5.12,-330,1
1743967346 SchwefelS1 -100,100,-310,0.01
1018590108 RastriginS1 -5,5,-211,1
699714621 RosenbrockR1 -30,30,390,1
768587404 GriewankG1 -600,600,-180,1
1648834678 SphereS1 -100,100,-450,0.001
136811464 SchwefelS1 -100,100,-310,0.01
1736245799 RastriginR1 -5.12,5.12,-330,1
473920192 WeierstrassW1 -0.5,0.5,90,1
858612169 GriewankG1 -600,600,-180,1
43378420 RastriginS1 -5,5,-211,1
795689130 RosenbrockR1 -30,30,390,1
1743865657 SphereS1 -100,100,-450,0.001
527827268 RastriginR1 -5.12,5.12,-330,1
499825734 WeierstrassW1 -0.5,0.5,90,1
1239102322 SchwefelS1 -100,100,-310,0.01
1927892690 RastriginR1 -5.12,5.12,-330,1
1839964452 GriewankG1 -600,600,-180,1
353969291 SphereS1 -100,100,-450,0.001
621273713 RastriginS1 -5,5,-211,1
615324558 WeierstrassW1 -0.5,0.5,90,1
570631645 SchwefelS1 -100,100,-310,0.01
559321338 RosenbrockR1 -30,30,390,1
2038435310 SphereS1 -100,100,-450,0.001
1755559050 RastriginS1 -5,5,-211,1
2125899323 RosenbrockR1 -30,30,390,1
455031330 RastriginR1 -5.12,5.12,-330,1
477601221 WeierstrassW1 -0.5,0.5,90,1
248822398 GriewankG1 -600,600,-180,1
1953188127 SchwefelS1 -100,100,-310,0.01
1992263306 SphereS1 -100,100,-450,0.001
865830093 RastriginS1 -5,5,-211,1
1771350222 GriewankG1 -600,600,-180,1
654981566 RastriginR1 -5.12,5.12,-330,1
164349648 SchwefelS1 -100,100,-310,0.01
1313938905 RosenbrockR1 -30,30,390,1
848053553 WeierstrassW1 -0.5,0.5,90,1
1291853043 RastriginR1 -5.12,5.12,-330,1
1940531574 GriewankG1 -600,600,-180,1
881525572 RastriginS1 -5,5,-211,1
317636508 WeierstrassW1 -0.5,0.5,90,1
617011533 SphereS1 -100,100,-450,0.001
2099571311 RosenbrockR1 -30,30,390,1
1078053417 SchwefelS1 -100,100,-310,0.01
1909011701 RastriginS1 -5,5,-211,1
2082665474 GriewankG1 -600,600,-180,1
1780505142 RastriginR1 -5.12,5.12,-330,1
1511790245 SchwefelS1 -100,100,-310,0.01
381930270 RosenbrockR1 -30,30,390,1
1642810009 SphereS1 -100,100,-450,0.001
1181337892 WeierstrassW1 -0.5,0.5,90,1
291395970 SphereS1 -100,100,-450,0.001
1439386721 SchwefelS1 -100,100,-310,0.01
342494085 WeierstrassW1 -0.5,0.5,90,1
2036839154 GriewankG1 -600,600,-180,1
1093473978 RastriginR1 -5.12,5.12,-330,1
1464094281 RosenbrockR1 -30,30,390,1
1345411221 RastriginS1 -5,5,-211,1
165185367 SphereS1 -100,100,-450,0.001
1163179892 GriewankG1 -600,600,-180,1
993518726 RastriginS1 -5,5,-211,1
884479419 RastriginR1 -5.12,5.12,-330,1
2072019612 WeierstrassW1 -0.5,0.5,90,1
1802753995 RosenbrockR1 -30,30,390,1
184836853 SchwefelS1 -100,100,-310,0.01
1498551417 WeierstrassW1 -0.5,0.5,90,1
1161053923 RastriginS1 -5,5,-211,1
69683591 RastriginR1 -5.12,5.12,-330,1
1662651328 SchwefelS1 -100,100,-310,0.01
1500021145 GriewankG1 -600,600,-180,1
2061378070 RosenbrockR1 -30,30,390,1
65724612 SphereS1 -100,100,-450,0.001
1429428329 RosenbrockR1 -30,30,390,1
252902894 RastriginS1 -5,5,-211,1
738235743 SchwefelS1 -100,100,-310,0.01
1519500902 WeierstrassW1 -0.5,0.5,90,1
199433632 RastriginR1 -5.12,5.12,-330,1
1445583532 GriewankG1 -600,600,-180,1
838199516 SphereS1 -100,100,-450,0.001
1009800307 SchwefelS1 -100,100,-310,0.01
1946807039 WeierstrassW1 -0.5,0.5,90,1
1821330694 SphereS1 -100,100,-450,0.001
1417131283 RastriginS1 -5,5,-211,1
1982753238 RosenbrockR1 -30,30,390,1
1859227645 RastriginR1 -5.12,5.12,-330,1
1796467677 GriewankG1 -600,600,-180,1
1386233309 RastriginR1 -5.12,5.12,-330,1
161544336 SchwefelS1 -100,100,-310,0.01
1666246746 WeierstrassW1 -0.5,0.5,90,1
344425609 GriewankG1 -600,600,-180,1
1948134444 RastriginS1 -5,5,-211,1
874847036 RosenbrockR1 -30,30,390,1
601848494 SphereS1 -100,100,-450,0.001
2098054774 RosenbrockR1 -30,30,390,1
1311381339 SchwefelS1 -100,100,-310,0.01
1256188715 GriewankG1 -600,600,-180,1
522642451 SphereS1 -100,100,-450,0.001
1672177830 WeierstrassW1 -0.5,0.5,90,1
651237690 RastriginR1 -5.12,5.12,-330,1
105649554 RastriginS1 -5,5,-211,1
751294308 WeierstrassW1 -0.5,0.5,90,1
472889036 GriewankG1 -600,600,-180,1
1440992457 SphereS1 -100,100,-450,0.001
416568921 RastriginS1 -5,5,-211,1
2097928322 RosenbrockR1 -30,30,390,1
2045281044 RastriginR1 -5.12,5.12,-330,1
786774631 SchwefelS1 -100,100,-310,0.01
1913274280 GriewankG1 -600,600,-180,1
270817603 RastriginR1 -5.12,5.12,-330,1
1202873231 RosenbrockR1 -30,30,390,1
2128792399 WeierstrassW1 -0.5,0.5,90,1
958104383 SphereS1 -100,100,-450,0.001
930102116 SchwefelS1 -100,100,-310,0.01
1563897529 RastriginS1 -5,5,-211,1
554001171 SchwefelS1 -100,100,-310,0.01
218151019 SphereS1 -100,100,-450,0.001
907476120 RastriginS1 -5,5,-211,1
1181004503 RosenbrockR1 -30,30,390,1
1046676969 WeierstrassW1 -0.5,0.5,90,1
643595842 RastriginR1 -5.12,5.12,-330,1
1050301299 GriewankG1 -600,600,-180,1
1179307329 SphereS1 -100,100,-450,0.001
2011597043 RastriginS1 -5,5,-211,1
186672475 SchwefelS1 -100,100,-310,0.01
1899375334 RosenbrockR1 -30,30,390,1
2027953883 RastriginR1 -5.12,5.12,-330,1
741084609 GriewankG1 -600,600,-180,1
922205073 WeierstrassW1 -0.5,0.5,90,1
14424383 RastriginR1 -5.12,5.12,-330,1
1598207597 RastriginS1 -5,5,-211,1
1991875571 WeierstrassW1 -0.5,0.5,90,1
1850996404 RosenbrockR1 -30,30,390,1
95597855 GriewankG1 -600,600,-180,1
678466782 SchwefelS1 -100,100,-310,0.01
733370370 SphereS1 -100,100,-450,0.001
1815170827 SphereS1 -100,100,-450,0.001
139636532 RosenbrockR1 -30,30,390,1
1112937807 RastriginR1 -5.12,5.12,-330,1
2117409601 WeierstrassW1 -0.5,0.5,90,1
1114328443 RastriginS1 -5,5,-211,1
1270144882 GriewankG1 -600,600,-180,1
1502975518 SchwefelS1 -100,100,-310,0.01
47759532 RastriginS1 -5,5,-211,1
1919869892 GriewankG1 -600,600,-180,1
2005457727 RosenbrockR1 -30,30,390,1
1652722675 SchwefelS1 -100,100,-310,0.01
1129873997 SphereS1 -100,100,-450,0.001
1017828103 WeierstrassW1 -0.5,0.5,90,1
388339524 RastriginR1 -5.12,5.12,-330,1
342122525 SphereS1 -100,100,-450,0.001
147442002 SchwefelS1 -100,100,-310,0.01
1228825381 WeierstrassW1 -0.5,0.5,90,1
1835042979 RastriginS1 -5,5,-211,1
892083604 RastriginR1 -5.12,5.12,-330,1
268465147 GriewankG1 -600,600,-180,1
1308037727 RosenbrockR1 -30,30,390,1
1497332520 WeierstrassW1 -0.5,0.5,90,1
418808105 RastriginR1 -5.12,5.12,-330,1
7073606 SphereS1 -100,100,-450,0.001
1807693615 SchwefelS1 -100,100,-310,0.01
2069220653 GriewankG1 -600,600,-180,1
1419188677 RosenbrockR1 -30,30,390,1
1046173945 RastriginS1 -5,5,-211,1
1596064274 RastriginS1 -5,5,-211,1
941500355 GriewankG1 -600,600,-180,1
1913967522 WeierstrassW1 -0.5,0.5,90,1
71809775 RosenbrockR1 -30,30,390,1
579179751 RastriginR1 -5.12,5.12,-330,1
131848023 SphereS1 -100,100,-450,0.001
1067780470 SchwefelS1 -100,100,-310,0.01
710207036 RastriginS1 -5,5,-211,1
1545989892 RosenbrockR1 -30,30,390,1
1468317714 SchwefelS1 -100,100,-310,0.01
1823489445 WeierstrassW1 -0.5,0.5,90,1
595802933 GriewankG1 -600,600,-180,1
935222050 RastriginR1 -5.12,5.12,-330,1
1418424866 SphereS1 -100,100,-450,0.001
1903001194 GriewankG1 -600,600,-180,1
443826772 RosenbrockR1 -30,30,390,1
1732807938 SchwefelS1 -100,100,-310,0.01
549357944 WeierstrassW1 -0.5,0.5,90,1
794063136 RastriginS1 -5,5,-211,1
1358745292 RastriginR1 -5.12,5.12,-330,1
1439245857 SphereS1 -100,100,-450,0.001
768480982 RosenbrockR1 -30,30,390,1
1153849321 WeierstrassW1 -0.5,0.5,90,1
1253779486 GriewankG1 -600,600,-180,1
1301400784 RastriginR1 -5.12,5.12,-330,1
1455514326 SphereS1 -100,100,-450,0.001
1937812980 SchwefelS1 -100,100,-310,0.01
1594581189 RastriginS1 -5,5,-211,1
108281327 SchwefelS1 -100,100,-310,0.01
683635658 RastriginS1 -5,5,-211,1
1669815035 RosenbrockR1 -30,30,390,1
337031999 GriewankG1 -600,600,-180,1
314032638 WeierstrassW1 -0.5,0.5,90,1
605947483 RastriginR1 -5.12,5.12,-330,1
387732889 SphereS1 -100,100,-450,0.001
1936053666 GriewankG1 -600,600,-180,1
278261098 SphereS1 -100,100,-450,0.001
2025633045 RosenbrockR1 -30,30,390,1
1420768764 WeierstrassW1 -0.5,0.5,90,1
647016341 SchwefelS1 -100,100,-310,0.01
654635338 RastriginR1 -5.12,5.12,-330,1
2115368341 RastriginS1 -5,5,-211,1
931525979 RosenbrockR1 -30,30,390,1
1266728961 GriewankG1 -600,600,-180,1
928873638 RastriginR1 -5.12,5.12,-330,1
898624892 RastriginS1 -5,5,-211,1
197810413 SphereS1 -100,100,-450,0.001
1414808040 SchwefelS1 -100,100,-310,0.01
1472169895 WeierstrassW1 -0.5,0.5,90,1
453290486 SchwefelS1 -100,100,-310,0.01
724917992 WeierstrassW1 -0.5,0.5,90,1
1839332883 RosenbrockR1 -30,30,390,1
855463964 GriewankG1 -600,600,-180,1
1412602465 RastriginR1 -5.12,5.12,-330,1
1101057021 SphereS1 -100,100,-450,0.001
991184223 RastriginS1 -5,5,-211,1
1570598664 SchwefelS1 -100,100,-310,0.01
2090489052 RastriginS1 -5,5,-211,1
170580524 RastriginR1 -5.12,5.12,-330,1
51714568 WeierstrassW1 -0.5,0.5,90,1
268862720 SphereS1 -100,100,-450,0.001
207961176 GriewankG1 -600,600,-180,1
158661481 RosenbrockR1 -30,30,390,1
1363936791 SchwefelS1 -100,100,-310,0.01
1653283229 RosenbrockR1 -30,30,390,1
146380318 GriewankG1 -600,600,-180,1
313339679 SphereS1 -100,100,-450,0.001
126027840 WeierstrassW1 -0.5,0.5,90,1
824990459 RastriginS1 -5,5,-211,1
2065805936 RastriginR1 -5.12,5.12,-330,1
1240159172 GriewankG1 -600,600,-180,1
128740290 RastriginS1 -5,5,-211,1
1522230852 RosenbrockR1 -30,30,390,1
679517918 SchwefelS1 -100,100,-310,0.01
221899305 WeierstrassW1 -0.5,0.5,90,1
763548748 RastriginR1 -5.12,5.12,-330,1
504900452 SphereS1 -100,100,-450,0.001
1962519209 SchwefelS1 -100,100,-310,0.01
1657506289 RastriginS1 -5,5,-211,1
1285225151 RosenbrockR1 -30,30,390,1
1524754499 SphereS1 -100,100,-450,0.001
2147012752 GriewankG1 -600,600,-180,1
2028888933 WeierstrassW1 -0.5,0.5,90,1
1991207947 RastriginR1 -5.12,5.12,-330,1
1960005585 RosenbrockR1 -30,30,390,1
932389315 GriewankG1 -600,600,-180,1
19881603 RastriginR1 -5.12,5.12,-330,1
1683942165 SchwefelS1 -100,100,-310,0.01
669650045 RastriginS1 -5,5,-211,1
648043676 WeierstrassW1 -0.5,0.5,90,1
371042019 SphereS1 -100,100,-450,0.001
1235386936 RastriginR1 -5.12,5.12,-330,1
1682539051 GriewankG1 -600,600,-180,1
1840334861 RosenbrockR1 -30,30,390,1
1480393123 WeierstrassW1 -0.5,0.5,90,1
1675397689 RastriginS1 -5,5,-211,1
1437465301 SphereS1 -100,100,-450,0.001
2073754582 SchwefelS1 -100,100,-310,0.01
946424504 SchwefelS1 -100,100,-310,0.01
1959231271 RastriginS1 -5,5,-211,1
975801977 WeierstrassW1 -0.5,0.5,90,1
947081343 RosenbrockR1 -30,30,390,1
601047720 SphereS1 -100,100,-450,0.001
1201088796 RastriginR1 -5.12,5.12,-330,1
563890721 GriewankG1 -600,600,-180,1
138326628 RastriginR1 -5.12,5.12,-330,1
1357681386 RastriginS1 -5,5,-211,1
2032907197 SchwefelS1 -100,100,-310,0.01
1126468859 SphereS1 -100,100,-450,0.001
2135155492 GriewankG1 -600,600,-180,1
769665167 RosenbrockR1 -30,30,390,1
2133909510 WeierstrassW1 -0.5,0.5,90,1
1933312910 RastriginS1 -5,5,-211,1
557967521 SchwefelS1 -100,100,-310,0.01
94868580 WeierstrassW1 -0.5,0.5,90,1
2058414730 RosenbrockR1 -30,30,390,1
553715797 SphereS1 -100,100,-450,0.001
1683729962 RastriginR1 -5.12,5.12,-330,1
741502701 GriewankG1 -600,600,-180,1
2099519228 SchwefelS1 -100,100,-310,0.01
364527043 WeierstrassW1 -0.5,0.5,90,1
641009423 GriewankG1 -600,600,-180,1
1121892728 SphereS1 -100,100,-450,0.001
652013517 RastriginR1 -5.12,5.12,-330,1
1011751823 RosenbrockR1 -30,30,390,1
928780663 RastriginS1 -5,5,-211,1
389354687 RosenbrockR1 -30,30,390,1
1028253359 SchwefelS1 -100,100,-310,0.01
1057200221 RastriginS1 -5,5,-211,1
1262753693 WeierstrassW1 -0.5,0.5,90,1
1729744640 RastriginR1 -5.12,5.12,-330,1
1717939773 SphereS1 -100,100,-450,0.001
514844144 GriewankG1 -600,600,-180,1
2139970741 SchwefelS1 -100,100,-310,0.01
1410312191 RastriginR1 -5.12,5.12,-330,1
1601843027 WeierstrassW1 -0.5,0.5,90,1
950495978 GriewankG1 -600,600,-180,1
1880571394 SphereS1 -100,100,-450,0.001
1276246504 RosenbrockR1 -30,30,390,1
2125905440 RastriginS1 -5,5,-211,1
1175210576 RastriginR1 -5.12,5.12,-330,1
979123652 GriewankG1 -600,600,-180,1
1719430573 SchwefelS1 -100,100,-310,0.01
1115922056 WeierstrassW1 -0.5,0.5,90,1
1106131586 SphereS1 -100,100,-450,0.001
558603079 RosenbrockR1 -30,30,390,1
792563308 RastriginS1 -5,5,-211,1
1425594023 RosenbrockR1 -30,30,390,1
10819784 SphereS1 -100,100,-450,0.001
394798138 RastriginR1 -5.12,5.12,-330,1
380611018 SchwefelS1 -100,100,-310,0.01
22822467 GriewankG1 -600,600,-180,1
398072660 RastriginS1 -5,5,-211,1
1443023653 WeierstrassW1 -0.5,0.5,90,1
797055782 GriewankG1 -600,600,-180,1
1645116090 SchwefelS1 -100,100,-310,0.01
360630113 RastriginR1 -5.12,5.12,-330,1
149247127 WeierstrassW1 -0.5,0.5,90,1
815781624 RastriginS1 -5,5,-211,1
794789216 RosenbrockR1 -30,30,390,1
1822725930 SphereS1 -100,100,-450,0.001
1338925853 SchwefelS1 -100,100,-310,0.01
1767017298 RastriginS1 -5,5,-211,1
1851509326 GriewankG1 -600,600,-180,1
1974240329 RastriginR1 -5.12,5.12,-330,1
1429497767 RosenbrockR1 -30,30,390,1
510560898 SphereS1 -100,100,-450,0.001
2062793202 WeierstrassW1 -0.5,0.5,90,1
243929765 SchwefelS1 -100,100,-310,0.01
2098068587 GriewankG1 -600,600,-180,1
1656536634 SphereS1 -100,100,-450,0.001
20895271 RastriginR1 -5.12,5.12,-330,1
132200434 WeierstrassW1 -0.5,0.5,90,1
1416265418 RastriginS1 -5,5,-211,1
368538732 RosenbrockR1 -30,30,390,1
68940826 WeierstrassW1 -0.5,0.5,90,1
1413459826 RastriginS1 -5,5,-211,1
1498748599 SphereS1 -100,100,-450,0.001
59955077 RastriginR1 -5.12,5.12,-330,1
788616181 GriewankG1 -600,600,-180,1
590117701 SchwefelS1 -100,100,-310,0.01
152803840 RosenbrockR1 -30,30,390,1
1125324578 SchwefelS1 -100,100,-310,0.01
427681296 RastriginR1 -5.12,5.12,-330,1
257081729 WeierstrassW1 -0.5,0.5,90,1
523690208 SphereS1 -100,100,-450,0.001
1327222101 RastriginS1 -5,5,-211,1
1802171303 GriewankG1 -600,600,-180,1
31493437 RosenbrockR1 -30,30,390,1
680967289 RosenbrockR1 -30,30,390,1
1021556041 RastriginR1 -5.12,5.12,-330,1
1849136991 GriewankG1 -600,600,-180,1
772634972 RastriginS1 -5,5,-211,1
1601561378 WeierstrassW1 -0.5,0.5,90,1
2093258962 SchwefelS1 -100,100,-310,0.01
1503284312 SphereS1 -100,100,-450,0.001
1681993485 SchwefelS1 -100,100,-310,0.01
163625449 RastriginS1 -5,5,-211,1
19785246 GriewankG1 -600,600,-180,1
226756257 RastriginR1 -5.12,5.12,-330,1
2091219983 WeierstrassW1 -0.5,0.5,90,1
1296855812 RosenbrockR1 -30,30,390,1
2114859106 SphereS1 -100,100,-450,0.001
146659234 GriewankG1 -600,600,-180,1
133729367 SchwefelS1 -100,100,-310,0.01
1716941385 RastriginR1 -5.12,5.12,-330,1
488232024 RastriginS1 -5,5,-211,1
1933908646 WeierstrassW1 -0.5,0.5,90,1
828320185 RosenbrockR1 -30,30,390,1
811436523 SphereS1 -100,100,-450,0.001
1741853592 SphereS1 -100,100,-450,0.001
1758424986 RastriginS1 -5,5,-211,1
35244729 RosenbrockR1 -30,30,390,1
754013160 SchwefelS1 -100,100,-310,0.01
1023425357 GriewankG1 -600,600,-180,1
1716261455 WeierstrassW1 -0.5,0.5,90,1
807725988 RastriginR1 -5.12,5.12,-330,1
1823627261 SchwefelS1 -100,100,-310,0.01
361505872 RastriginR1 -5.12,5.12,-330,1
1984123018 WeierstrassW1 -0.5,0.5,90,1
239154056 RosenbrockR1 -30,30,390,1
1159102923 SphereS1 -100,100,-450,0.001
1588995102 GriewankG1 -600,600,-180,1
616546536 RastriginS1 -5,5,-211,1
1833189258 RastriginR1 -5.12,5.12,-330,1
2002669772 SphereS1 -100,100,-450,0.001
1641875405 RastriginS1 -5,5,-211,1
1414457914 RosenbrockR1 -30,30,390,1
32084163 GriewankG1 -600,600,-180,1
325150262 SchwefelS1 -100,100,-310,0.01
203774179 WeierstrassW1 -0.5,0.5,90,1
869614724 RastriginR1 -5.12,5.12,-330,1
648100864 GriewankG1 -600,600,-180,1
424728331 SchwefelS1 -100,100,-310,0.01
1213636107 RastriginS1 -5,5,-211,1
19681254 RosenbrockR1 -30,30,390,1
1562625909 SphereS1 -100,100,-450,0.001
1951289637 WeierstrassW1 -0.5,0.5,90,1
724779783 RastriginR1 -5.12,5.12,-330,1
1205832598 RosenbrockR1 -30,30,390,1
1922462645 SchwefelS1 -100,100,-310,0.01
184372802 WeierstrassW1 -0.5,0.5,90,1
802762793 SphereS1 -100,100,-450,0.001
1109239954 GriewankG1 -600,600,-180,1
1133781134 RastriginS1 -5,5,-211,1
1999191966 WeierstrassW1 -0.5,0.5,90,1
1317465722 SchwefelS1 -100,100,-310,0.01
1957238135 RastriginS1 -5,5,-211,1
1290868104 RastriginR1 -5.12,5.12,-330,1
316268602 SphereS1 -100,100,-450,0.001
1482474210 RosenbrockR1 -30,30,390,1
968801533 GriewankG1 -600,600,-180,1
1805174019 SphereS1 -100,100,-450,0.001
268780267 SchwefelS1 -100,100,-310,0.01
1906007803 RastriginR1 -5.12,5.12,-330,1
950324175 WeierstrassW1 -0.5,0.5,90,1
1617822566 GriewankG1 -600,600,-180,1
1896927197 RastriginS1 -5,5,-211,1
240567980 RosenbrockR1 -30,30,390,1
628732387 GriewankG1 -600,600,-180,1
796549872 SphereS1 -100,100,-450,0.001
1992380667 SchwefelS1 -100,100,-310,0.01
1247082211 WeierstrassW1 -0.5,0.5,90,1
667805083 RastriginR1 -5.12,5.12,-330,1
1069010583 RosenbrockR1 -30,30,390,1
1697069250 RastriginS1 -5,5,-211,1
1740660416 RosenbrockR1 -30,30,390,1
582028675 RastriginR1 -5.12,5.12,-330,1
116827869 SphereS1 -100,100,-450,0.001
1762287299 GriewankG1 -600,600,-180,1
1898688971 SchwefelS1 -100,100,-310,0.01
204893408 RastriginS1 -5,5,-211,1
619229111 WeierstrassW1 -0.5,0.5,90,1
1743231861 GriewankG1 -600,600,-180,1
17576666 RastriginR1 -5.12,5.12,-330,1
620637051 SchwefelS1 -100,100,-310,0.01
1330421373 RosenbrockR1 -30,30,390,1
1411590164 SphereS1 -100,100,-450,0.001
948545809 RastriginS1 -5,5,-211,1
1920241136 WeierstrassW1 -0.5,0.5,90,1
993678140 SchwefelS1 -100,100,-310,0.01
63768585 SphereS1 -100,100,-450,0.001
1105973709 RosenbrockR1 -30,30,390,1
795921161 RastriginS1 -5,5,-211,1
1920044635 WeierstrassW1 -0.5,0.5,90,1
2106578837 RastriginR1 -5.12,5.12,-330,1
889730386 GriewankG1 -600,600,-180,1
969485741 RastriginR1 -5.12,5.12,-330,1
930532652 RosenbrockR1 -30,30,390,1
735714862 RastriginS1 -5,5,-211,1
298253210 SchwefelS1 -100,100,-310,0.01
54270564 SphereS1 -100,100,-450,0.001
1890890385 WeierstrassW1 -0.5,0.5,90,1
853388365 GriewankG1 -600,600,-180,1
31311800 WeierstrassW1 -0.5,0.5,90,1
1340666054 SchwefelS1 -100,100,-310,0.01
1075756615 SphereS1 -100,100,-450,0.001
679157799 RosenbrockR1 -30,30,390,1
1629575177 RastriginS1 -5,5,-211,1
14065498 GriewankG1 -600,600,-180,1
605023917 RastriginR1 -5.12,5.12,-330,1
947646571 WeierstrassW1 -0.5,0.5,90,1
1637177766 RosenbrockR1 -30,30,390,1
1974781471 SchwefelS1 -100,100,-310,0.01
2036399938 RastriginS1 -5,5,-211,1
1257587010 GriewankG1 -600,600,-180,1
1404227905 SphereS1 -100,100,-450,0.001
358487870 RastriginR1 -5.12,5.12,-330,1
1885086032 RastriginR1 -5.12,5.12,-330,1
317268280 WeierstrassW1 -0.5,0.5,90,1
1977030875 RosenbrockR1 -30,30,390,1
801373374 SphereS1 -100,100,-450,0.001
967878184 SchwefelS1 -100,100,-310,0.01
652046497 RastriginS1 -5,5,-211,1
180392740 GriewankG1 -600,600,-180,1
1856833456 SphereS1 -100,100,-450,0.001
924932813 RastriginR1 -5.12,5.12,-330,1
339276082 GriewankG1 -600,600,-180,1
29634799 WeierstrassW1 -0.5,0.5,90,1
165929547 SchwefelS1 -100,100,-310,0.01
416859948 RastriginS1 -5,5,-211,1
1992994350 RosenbrockR1 -30,30,390,1
1479996863 SchwefelS1 -100,100,-310,0.01
218706729 WeierstrassW1 -0.5,0.5,90,1
1300566520 RastriginR1 -5.12,5.12,-330,1
1597772097 RastriginS1 -5,5,-211,1
1513490784 RosenbrockR1 -30,30,390,1
1034238441 GriewankG1 -600,600,-180,1
560792076 SphereS1 -100,100,-450,0.001
2144356682 RosenbrockR1 -30,30,390,1
1281965987 SchwefelS1 -100,100,-310,0.01
1254748427 SphereS1 -100,100,-450,0.001
1396520558 GriewankG1 -600,600,-180,1
640043961 WeierstrassW1 -0.5,0.5,90,1
1430736211 RastriginR1 -5.12,5.12,-330,1
688844515 RastriginS1 -5,5,-211,1
1835822240 SchwefelS1 -100,100,-310,0.01
910804846 WeierstrassW1 -0.5,0.5,90,1
2112032608 GriewankG1 -600,600,-180,1
740301580 RastriginR1 -5.12,5.12,-330,1
284318497 RosenbrockR1 -30,30,390,1
1937251971 RastriginS1 -5,5,-211,1
933221286 SphereS1 -100,100,-450,0.001
1702153146 RastriginR1 -5.12,5.12,-330,1
1098477320 RosenbrockR1 -30,30,390,1
49542562 WeierstrassW1 -0.5,0.5,90,1
484080629 GriewankG1 -600,600,-180,1
1827931552 SphereS1 -100,100,-450,0.001
595672101 SchwefelS1 -100,100,-310,0.01
1017560257 RastriginS1 -5,5,-211,1
130054511 GriewankG1 -600,600,-180,1
1461819234 RastriginR1 -5.12,5.12,-330,1
1732466711 SphereS1 -100,100,-450,0.001
628891745 SchwefelS1 -100,100,-310,0.01
300303346 RastriginS1 -5,5,-211,1
1617221224 WeierstrassW1 -0.5,0.5,90,1
212445574 RosenbrockR1 -30,30,390,1
2061460844 SphereS1 -100,100,-450,0.001
543239675 RastriginS1 -5,5,-211,1
323065765 SchwefelS1 -100,100,-310,0.01
171404260 GriewankG1 -600,600,-180,1
1637501104 RosenbrockR1 -30,30,390,1
56683135 RastriginR1 -5.12,5.12,-330,1
1885516162 WeierstrassW1 -0.5,0.5,90,1
837317139 RastriginR1 -5.12,5.12,-330,1
1921539026 RosenbrockR1 -30,30,390,1
1037034629 WeierstrassW1 -0.5,0.5,90,1
932447592 RastriginS1 -5,5,-211,1
962603993 GriewankG1 -600,600,-180,1
2032251515 SchwefelS1 -100,100,-310,0.01
848919935 SphereS1 -100,100,-450,0.001
1735100793 RastriginS1 -5,5,-211,1
458203588 RosenbrockR1 -30,30,390,1
1429589176 WeierstrassW1 -0.5,0.5,90,1
2048519716 GriewankG1 -600,600,-180,1
1965638514 RastriginR1 -5.12,5.12,-330,1
962610408 SchwefelS1 -100,100,-310,0.01
1005202550 SphereS1 -100,100,-450,0.001
1419829681 SchwefelS1 -100,100,-310,0.01
1089141558 GriewankG1 -600,600,-180,1
328061472 SphereS1 -100,100,-450,0.001
229360870 RastriginS1 -5,5,-211,1
1319773463 RosenbrockR1 -30,30,390,1
207567029 WeierstrassW1 -0.5,0.5,90,1
1048888054 RastriginR1 -5.12,5.12,-330,1
1599317267 SchwefelS1 -100,100,-310,0.01
757904252 RastriginS1 -5,5,-211,1
1282173820 RosenbrockR1 -30,30,390,1
680727236 RastriginR1 -5.12,5.12,-330,1
459131855 GriewankG1 -600,600,-180,1
1819455937 WeierstrassW1 -0.5,0.5,90,1
42312851 SphereS1 -100,100,-450,0.001
1355809358 RosenbrockR1 -30,30,390,1
1822854404 WeierstrassW1 -0.5,0.5,90,1
451760136 RastriginS1 -5,5,-211,1
12007787 GriewankG1 -600,600,-180,1
1672837742 RastriginR1 -5.12,5.12,-330,1
1804552927 SphereS1 -100,100,-450,0.001
1567695644 SchwefelS1 -100,100,-310,0.01
590635952 RastriginS1 -5,5,-211,1
514151873 RosenbrockR1 -30,30,390,1
2087713808 RastriginR1 -5.12,5.12,-330,1
1537339293 SphereS1 -100,100,-450,0.001
923402751 WeierstrassW1 -0.5,0.5,90,1
1448058200 GriewankG1 -600,600,-180,1
24496577 SchwefelS1 -100,100,-310,0.01
1650006404 SphereS1 -100,100,-450,0.001
1419142711 GriewankG1 -600,600,-180,1
1122294668 WeierstrassW1 -0.5,0.5,90,1
1603011822 RastriginR1 -5.12,5.12,-330,1
789154619 RastriginS1 -5,5,-211,1
1033840262 RosenbrockR1 -30,30,390,1
499297964 SchwefelS1 -100,100,-310,0.01
756568803 WeierstrassW1 -0.5,0.5,90,1
2066512187 RastriginR1 -5.12,5.12,-330,1
1024990173 SphereS1 -100,100,-450,0.001
199620747 RastriginS1 -5,5,-211,1
128679180 SchwefelS1 -100,100,-310,0.01
1500866697 RosenbrockR1 -30,30,390,1
1381939883 GriewankG1 -600,600,-180,1
1715095308 GriewankG1 -600,600,-180,1
2020792170 RastriginR1 -5.12,5.12,-330,1
1832093456 SchwefelS1 -100,100,-310,0.01
591716433 RastriginS1 -5,5,-211,1
676371923 SphereS1 -100,100,-450,0.001
1833715776 WeierstrassW1 -0.5,0.5,90,1
1372214118 RosenbrockR1 -30,30,390,1
1219686613 RastriginR1 -5.12,5.12,-330,1
1644556025 RastriginS1 -5,5,-211,1
481503253 GriewankG1 -600,600,-180,1
1952434558 RosenbrockR1 -30,30,390,1
925365568 SchwefelS1 -100,100,-310,0.01
1311689209 SphereS1 -100,100,-450,0.001
337621361 WeierstrassW1 -0.5,0.5,90,1
749287703 RastriginR1 -5.12,5.12,-330,1
1571284428 SphereS1 -100,100,-450,0.001
1249588687 SchwefelS1 -100,100,-310,0.01
1785986691 RastriginS1 -5,5,-211,1
1638795541 GriewankG1 -600,600,-180,1
822311608 WeierstrassW1 -0.5,0.5,90,1
1203444945 RosenbrockR1 -30,30,390,1
592798693 SphereS1 -100,100,-450,0.001
427207203 RastriginR1 -5.12,5.12,-330,1
1971525060 WeierstrassW1 -0.5,0.5,90,1
1306994039 RastriginS1 -5,5,-211,1
1757463829 GriewankG1 -600,600,-180,1
1607622685 SchwefelS1 -100,100,-310,0.01
627685469 RosenbrockR1 -30,30,390,1
2080594613 GriewankG1 -600,600,-180,1
98554294 SphereS1 -100,100,-450,0.001
1913987809 SchwefelS1 -100,100,-310,0.01
857718591 RastriginR1 -5.12,5.12,-330,1
1400986472 RastriginS1 -5,5,-211,1
1224395718 RosenbrockR1 -30,30,390,1
1667896139 WeierstrassW1 -0.5,0.5,90,1
1272028404 SphereS1 -100,100,-450,0.001
140519311 GriewankG1 -600,600,-180,1
2133238753 WeierstrassW1 -0.5,0.5,90,1
210396659 RosenbrockR1 -30,30,390,1
1113350723 SchwefelS1 -100,100,-310,0.01
459973299 RastriginS1 -5,5,-211,1
1817730790 RastriginR1 -5.12,5.12,-330,1
1365447518 RosenbrockR1 -30,30,390,1
477765591 GriewankG1 -600,600,-180,1
751655342 WeierstrassW1 -0.5,0.5,90,1
1830147200 SphereS1 -100,100,-450,0.001
1544829998 SchwefelS1 -100,100,-310,0.01
379548075 RastriginS1 -5,5,-211,1
1699675464 RastriginR1 -5.12,5.12,-330,1
1395966382 SchwefelS1 -100,100,-310,0.01
451723494 GriewankG1 -600,600,-180,1
1761755977 WeierstrassW1 -0.5,0.5,90,1
1818288778 RastriginR1 -5.12,5.12,-330,1
38574884 RosenbrockR1 -30,30,390,1
67535142 SphereS1 -100,100,-450,0.001
1177327240 RastriginS1 -5,5,-211,1
801233125 GriewankG1 -600,600,-180,1
1522174942 SphereS1 -100,100,-450,0.001
1054303551 RastriginS1 -5,5,-211,1
1522529493 SchwefelS1 -100,100,-310,0.01
2145275781 RastriginR1 -5.12,5.12,-330,1
1626821093 WeierstrassW1 -0.5,0.5,90,1
1019612788 RosenbrockR1 -30,30,390,1
1717732922 RosenbrockR1 -30,30,390,1
605829092 SchwefelS1 -100,100,-310,0.01
1357193885 SphereS1 -100,100,-450,0.001
664407480 GriewankG1 -600,600,-180,1
1676535673 RastriginS1 -5,5,-211,1
1370467655 WeierstrassW1 -0.5,0.5,90,1
753078196 RastriginR1 -5.12,5.12,-330,1
1198729023 SchwefelS1 -100,100,-310,0.01
825968471 SphereS1 -100,100,-450,0.001
912135459 RastriginR1 -5.12,5.12,-330,1
230244868 WeierstrassW1 -0.5,0.5,90,1
1436610733 GriewankG1 -600,600,-180,1
620029596 RosenbrockR1 -30,30,390,1
946987047 RastriginS1 -5,5,-211,1
689899315 GriewankG1 -600,600,-180,1
420666518 RastriginS1 -5,5,-211,1
1263378709 WeierstrassW1 -0.5,0.5,90,1
1270017426 SphereS1 -100,100,-450,0.001
1958630345 RastriginR1 -5.12,5.12,-330,1
1279487751 SchwefelS1 -100,100,-310,0.01
1122601909 RosenbrockR1 -30,30,390,1
1419822037 WeierstrassW1 -0.5,0.5,90,1
901486763 RastriginS1 -5,5,-211,1
91319116 SphereS1 -100,100,-450,0.001
2031629397 RastriginR1 -5.12,5.12,-330,1
91549460 GriewankG1 -600,600,-180,1
630658690 SchwefelS1 -100,100,-310,0.01
639195706 RosenbrockR1 -30,30,390,1
1391664409 RosenbrockR1 -30,30,390,1
1874308690 RastriginR1 -5.12,5.12,-330,1
2061043821 SphereS1 -100,100,-450,0.001
1547302226 RastriginS1 -5,5,-211,1
213146344 GriewankG1 -600,600,-180,1
556070788 WeierstrassW1 -0.5,0.5,90,1
107810266 SchwefelS1 -100,100,-310,0.01
395756384 RastriginR1 -5.12,5.12,-330,1
1026734687 SchwefelS1 -100,100,-310,0.01
215196618 RosenbrockR1 -30,30,390,1
277638325 RastriginS1 -5,5,-211,1
1086974204 WeierstrassW1 -0.5,0.5,90,1
454836024 GriewankG1 -600,600,-180,1
296795593 SphereS1 -100,100,-450,0.001
2051087198 SchwefelS1 -100,100,-310,0.01
1315767946 GriewankG1 -600,600,-180,1
26386298 SphereS1 -100,100,-450,0.001
1720608688 RastriginS1 -5,5,-211,1
1326641293 RosenbrockR1 -30,30,390,1
336276568 RastriginR1 -5.12,5.12,-330,1
1178013615 WeierstrassW1 -0.5,0.5,90,1
2049861984 RastriginR1 -5.12,5.12,-330,1
93629127 SchwefelS1 -100,100,-310,0.01
547305082 RastriginS1 -5,5,-211,1
723102371 RosenbrockR1 -30,30,390,1
1311004550 WeierstrassW1 -0.5,0.5,90,1
540001294 GriewankG1 -600,600,-180,1
284891926 SphereS1 -100,100,-450,0.001
1632116010 SphereS1 -100,100,-450,0.001
1280395751 RastriginR1 -5.12,5.12,-330,1
1750330976 GriewankG1 -600,600,-180,1
1705311491 RosenbrockR1 -30,30,390,1
1724066033 SchwefelS1 -100,100,-310,0.01
2014986726 RastriginS1 -5,5,-211,1
426140712 WeierstrassW1 -0.5,0.5,90,1
33923919 WeierstrassW1 -0.5,0.5,90,1
942928182 RastriginS1 -5,5,-211,1
41264778 SphereS1 -100,100,-450,0.001
1505312014 RastriginR1 -5.12,5.12,-330,1
1014727056 GriewankG1 -600,600,-180,1
1082670332 SchwefelS1 -100,100,-310,0.01
1111246679 RosenbrockR1 -30,30,390,1
2029086515 WeierstrassW1 -0.5,0.5,90,1
808290829 RosenbrockR1 -30,30,390,1
988302284 GriewankG1 -600,600,-180,1
1804142858 SchwefelS1 -100,100,-310,0.01
496002017 RastriginR1 -5.12,5.12,-330,1
1209370688 RastriginS1 -5,5,-211,1
1626282660 SphereS1 -100,100,-450,0.001
1833431429 SphereS1 -100,100,-450,0.001
3591354 RastriginS1 -5,5,-211,1
2078562241 RosenbrockR1 -30,30,390,1
856048024 GriewankG1 -600,600,-180,1
260706020 WeierstrassW1 -0.5,0.5,90,1
1131566221 RastriginR1 -5.12,5.12,-330,1
1187138938 SchwefelS1 -100,100,-310,0.01
1434860492 RastriginS1 -5,5,-211,1
1540749006 RastriginR1 -5.12,5.12,-330,1
556536754 GriewankG1 -600,600,-180,1
1082842574 WeierstrassW1 -0.5,0.5,90,1
367973949 SphereS1 -100,100,-450,0.001
2038321083 RosenbrockR1 -30,30,390,1
1069010212 SchwefelS1 -100,100,-310,0.01
1869993373 RastriginR1 -5.12,5.12,-330,1
1727891373 GriewankG1 -600,600,-180,1
255912104 SphereS1 -100,100,-450,0.001
1609031762 SchwefelS1 -100,100,-310,0.01
1936269299 RastriginS1 -5,5,-211,1
1047414175 RosenbrockR1 -30,30,390,1
1426403836 WeierstrassW1 -0.5,0.5,90,1
1174323644 SchwefelS1 -100,100,-310,0.01
1118023170 RastriginS1 -5,5,-211,1
696950079 RosenbrockR1 -30,30,390,1
1137355291 GriewankG1 -600,600,-180,1
169102572 SphereS1 -100,100,-450,0.001
45286577 RastriginR1 -5.12,5.12,-330,1
975933710 WeierstrassW1 -0.5,0.5,90,1
1779392904 RastriginS1 -5,5,-211,1
1429046351 GriewankG1 -600,600,-180,1
698855481 WeierstrassW1 -0.5,0.5,90,1
1588799647 RastriginR1 -5.12,5.12,-330,1
1729625962 SphereS1 -100,100,-450,0.001
2129522170 SchwefelS1 -100,100,-310,0.01
2121866593 RosenbrockR1 -30,30,390,1
1940487268 RastriginS1 -5,5,-211,1
1594757877 WeierstrassW1 -0.5,0.5,90,1
1231424402 GriewankG1 -600,600,-180,1
1938228543 RastriginR1 -5.12,5.12,-330,1
750403772 SphereS1 -100,100,-450,0.001
612247759 SchwefelS1 -100,100,-310,0.01
1267393527 RosenbrockR1 -30,30,390,1
1313136045 RosenbrockR1 -30,30,390,1
1123728411 GriewankG1 -600,600,-180,1
1187108591 RastriginR1 -5.12,5.12,-330,1
401136553 SphereS1 -100,100,-450,0.001
1746414475 SchwefelS1 -100,100,-310,0.01
935876706 WeierstrassW1 -0.5,0.5,90,1
169082289 RastriginS1 -5,5,-211,1
1225266119 RastriginS1 -5,5,-211,1
1385717073 GriewankG1 -600,600,-180,1
415103337 WeierstrassW1 -0.5,0.5,90,1
1556991552 SphereS1 -100,100,-450,0.001
140726671 RastriginR1 -5.12,5.12,-330,1
2006428980 SchwefelS1 -100,100,-310,0.01
936848166 RosenbrockR1 -30,30,390,1
1570137344 GriewankG1 -600,600,-180,1
23162309 RosenbrockR1 -30,30,390,1
2037321074 WeierstrassW1 -0.5,0.5,90,1
2032085752 RastriginR1 -5.12,5.12,-330,1
447577443 RastriginS1 -5,5,-211,1
293584288 SphereS1 -100,100,-450,0.001
1312784472 SchwefelS1 -100,100,-310,0.01
390660096 RastriginS1 -5,5,-211,1
1880423610 SchwefelS1 -100,100,-310,0.01
830245721 RosenbrockR1 -30,30,390,1
718631601 GriewankG1 -600,600,-180,1
1705648276 SphereS1 -100,100,-450,0.001
1247100890 RastriginR1 -5.12,5.12,-330,1
1455143732 WeierstrassW1 -0.5,0.5,90,1
2140248801 SchwefelS1 -100,100,-310,0.01
255279051 RastriginS1 -5,5,-211,1
1421546410 RastriginR1 -5.12,5.12,-330,1
1220994518 SphereS1 -100,100,-450,0.001
968964948 GriewankG1 -600,600,-180,1
1338346244 RosenbrockR1 -30,30,390,1
149894698 WeierstrassW1 -0.5,0.5,90,1
2054693119 RastriginR1 -5.12,5.12,-330,1
1110984525 SchwefelS1 -100,100,-310,0.01
1178748866 RosenbrockR1 -30,30,390,1
599510985 RastriginS1 -5,5,-211,1
55296131 GriewankG1 -600,600,-180,1
68575760 SphereS1 -100,100,-450,0.001
969774003 WeierstrassW1 -0.5,0.5,90,1
1602741765 RastriginR1 -5.12,5.12,-330,1
145756719 WeierstrassW1 -0.5,0.5,90,1
797485733 GriewankG1 -600,600,-180,1
1358016560 RosenbrockR1 -30,30,390,1
669231387 SphereS1 -100,100,-450,0.001
1303536806 RastriginS1 -5,5,-211,1
420831236 SchwefelS1 -100,100,-310,0.01
743076527 RosenbrockR1 -30,30,390,1
863570716 SchwefelS1 -100,100,-310,0.01
9892153 WeierstrassW1 -0.5,0.5,90,1
321474197 GriewankG1 -600,600,-180,1
990186636 RastriginS1 -5,5,-211,1
1683149176 SphereS1 -100,100,-450,0.001
1427071030 RastriginR1 -5.12,5.12,-330,1
623561407 SchwefelS1 -100,100,-310,0.01
104371082 GriewankG1 -600,600,-180,1
1557252186 RosenbrockR1 -30,30,390,1
650859428 RastriginR1 -5.12,5.12,-330,1
980153216 RastriginS1 -5,5,-211,1
1547480665 SphereS1 -100,100,-450,0.001
551679707 WeierstrassW1 -0.5,0.5,90,1
746020336 SphereS1 -100,100,-450,0.001
1915895852 RosenbrockR1 -30,30,390,1
1051293442 SchwefelS1 -100,100,-310,0.01
2139039968 RastriginS1 -5,5,-211,1
586233865 RastriginR1 -5.12,5.12,-330,1
1862610054 GriewankG1 -600,600,-180,1
1173553793 WeierstrassW1 -0.5,0.5,90,1
868409654 SphereS1 -100,100,-450,0.001
942848867 WeierstrassW1 -0.5,0.5,90,1
522799382 RosenbrockR1 -30,30,390,1
1001255597 SchwefelS1 -100,100,-310,0.01
607552650 RastriginR1 -5.12,5.12,-330,1
75096093 RastriginS1 -5,5,-211,1
412806207 GriewankG1 -600,600,-180,1
482844925 WeierstrassW1 -0.5,0.5,90,1
671565124 GriewankG1 -600,600,-180,1
1452471302 RastriginR1 -5.12,5.12,-330,1
1015209098 SphereS1 -100,100,-450,0.001
610439452 RosenbrockR1 -30,30,390,1
491970093 RastriginS1 -5,5,-211,1
167923492 SchwefelS1 -100,100,-310,0.01
1238837749 RastriginR1 -5.12,5.12,-330,1
110558007 GriewankG1 -600,600,-180,1
1334249851 WeierstrassW1 -0.5,0.5,90,1
870949239 SphereS1 -100,100,-450,0.001
1636657933 SchwefelS1 -100,100,-310,0.01
1999248377 RosenbrockR1 -30,30,390,1
1472563058 RastriginS1 -5,5,-211,1
1734574775 WeierstrassW1 -0.5,0.5,90,1
1333937160 GriewankG1 -600,600,-180,1
653309890 RastriginS1 -5,5,-211,1
570321738 SchwefelS1 -100,100,-310,0.01
1013827190 RastriginR1 -5.12,5.12,-330,1
368968741 RosenbrockR1 -30,30,390,1
1062741116 SphereS1 -100,100,-450,0.001
1202259335 RastriginR1 -5.12,5.12,-330,1
1341796852 GriewankG1 -600,600,-180,1
1380328258 RastriginS1 -5,5,-211,1
1191118425 SchwefelS1 -100,100,-310,0.01
1433438977 SphereS1 -100,100,-450,0.001
1322169734 RosenbrockR1 -30,30,390,1
1948647867 WeierstrassW1 -0.5,0.5,90,1
815888016 SchwefelS1 -100,100,-310,0.01
1113215869 RastriginR1 -5.12,5.12,-330,1
1018957867 RastriginS1 -5,5,-211,1
1122511199 SphereS1 -100,100,-450,0.001
499102816 RosenbrockR1 -30,30,390,1
1734164301 GriewankG1 -600,600,-180,1
1162680245 WeierstrassW1 -0.5,0.5,90,1
439781370 SchwefelS1 -100,100,-310,0.01
495535745 RosenbrockR1 -30,30,390,1
155196894 WeierstrassW1 -0.5,0.5,90,1
1230196730 GriewankG1 -600,600,-180,1
10575641 RastriginS1 -5,5,-211,1
1299991252 RastriginR1 -5.12,5.12,-330,1
2057596939 SphereS1 -100,100,-450,0.001
1642364017 GriewankG1 -600,600,-180,1
338220890 RosenbrockR1 -30,30,390,1
855343060 SchwefelS1 -100,100,-310,0.01
1937318489 RastriginS1 -5,5,-211,1
1638799040 WeierstrassW1 -0.5,0.5,90,1
1419854533 SphereS1 -100,100,-450,0.001
867836066 RastriginR1 -5.12,5.12,-330,1
1926391714 GriewankG1 -600,600,-180,1
1906884715 SphereS1 -100,100,-450,0.001
1602828816 SchwefelS1 -100,100,-310,0.01
1406925774 RosenbrockR1 -30,30,390,1
669117240 RastriginS1 -5,5,-211,1
939781056 WeierstrassW1 -0.5,0.5,90,1
1454367536 RastriginR1 -5.12,5.12,-330,1
997488394 GriewankG1 -600,600,-180,1
1495041796 RastriginS1 -5,5,-211,1
1470939267 SchwefelS1 -100,100,-310,0.01
100734280 RastriginR1 -5.12,5.12,-330,1
1568675539 WeierstrassW1 -0.5,0.5,90,1
963032160 SphereS1 -100,100,-450,0.001
1847692343 RosenbrockR1 -30,30,390,1
1135217275 RastriginR1 -5.12,5.12,-330,1
862803807 WeierstrassW1 -0.5,0.5,90,1
93726232 SphereS1 -100,100,-450,0.001
1675125340 GriewankG1 -600,600,-180,1
97780828 RastriginS1 -5,5,-211,1
1010796701 RosenbrockR1 -30,30,390,1
1854921010 SchwefelS1 -100,100,-310,0.01
1386838198 RastriginR1 -5.12,5.12,-330,1
1470717343 WeierstrassW1 -0.5,0.5,90,1
393606747 SchwefelS1 -100,100,-310,0.01
487134663 RastriginS1 -5,5,-211,1
1492003071 GriewankG1 -600,600,-180,1
1418302136 RosenbrockR1 -30,30,390,1
1746722201 SphereS1 -100,100,-450,0.001
1647563535 WeierstrassW1 -0.5,0.5,90,1
261365469 RosenbrockR1 -30,30,390,1
619261247 GriewankG1 -600,600,-180,1
1506415779 SchwefelS1 -100,100,-310,0.01
1508574566 SphereS1 -100,100,-450,0.001
2129200932 RastriginR1 -5.12,5.12,-330,1
1957167071 RastriginS1 -5,5,-211,1
1928619086 GriewankG1 -600,600,-180,1
1316470783 SchwefelS1 -100,100,-310,0.01
1501740896 WeierstrassW1 -0.5,0.5,90,1
400175944 SphereS1 -100,100,-450,0.001
998072845 RastriginS1 -5,5,-211,1
1845976221 RastriginR1 -5.12,5.12,-330,1
1560810657 RosenbrockR1 -30,30,390,1
602334241 SchwefelS1 -100,100,-310,0.01
472071607 RosenbrockR1 -30,30,390,1
398326581 GriewankG1 -600,600,-180,1
687993724 RastriginS1 -5,5,-211,1
1164844368 WeierstrassW1 -0.5,0.5,90,1
542076738 SphereS1 -100,100,-450,0.001
1119762119 RastriginR1 -5.12,5.12,-330,1
2137985938 SphereS1 -100,100,-450,0.001
226014100 RosenbrockR1 -30,30,390,1
528101533 SchwefelS1 -100,100,-310,0.01
861253649 RastriginS1 -5,5,-211,1
2116710305 RastriginR1 -5.12,5.12,-330,1
2142439590 WeierstrassW1 -0.5,0.5,90,1
1569468188 GriewankG1 -600,600,-180,1
1005745231 RastriginR1 -5.12,5.12,-330,1
646370870 RosenbrockR1 -30,30,390,1
339434881 WeierstrassW1 -0.5,0.5,90,1
2010104304 SphereS1 -100,100,-450,0.001
419883718 SchwefelS1 -100,100,-310,0.01
988798365 GriewankG1 -600,600,-180,1
105682466 RastriginS1 -5,5,-211,1
1935753043 RastriginR1 -5.12,5.12,-330,1
400979400 GriewankG1 -600,600,-180,1
13332020 RastriginS1 -5,5,-211,1
699874941 WeierstrassW1 -0.5,0.5,90,1
1134546544 RosenbrockR1 -30,30,390,1
1592585183 SphereS1 -100,100,-450,0.001
113799873 SchwefelS1 -100,100,-310,0.01
1800288338 WeierstrassW1 -0.5,0.5,90,1
1048089895 RastriginS1 -5,5,-211,1
806694067 RastriginR1 -5.12,5.12,-330,1
1470471056 SphereS1 -100,100,-450,0.001
1619102035 RosenbrockR1 -30,30,390,1
1641624892 SchwefelS1 -100,100,-310,0.01
572247586 GriewankG1 -600,600,-180,1
617062785 SphereS1 -100,100,-450,0.001
1908630549 RastriginR1 -5.12,5.12,-330,1
1389338420 RastriginS1 -5,5,-211,1
184745550 GriewankG1 -600,600,-180,1
1129055054 RosenbrockR1 -30,30,390,1
1352457830 WeierstrassW1 -0.5,0.5,90,1
151454501 SchwefelS1 -100,100,-310,0.01
384852950 GriewankG1 -600,600,-180,1
1050458486 SphereS1 -100,100,-450,0.001
302275603 RastriginR1 -5.12,5.12,-330,1
778029508 WeierstrassW1 -0.5,0.5,90,1
1642141882 RosenbrockR1 -30,30,390,1
988177343 SchwefelS1 -100,100,-310,0.01
900425604 RastriginS1 -5,5,-211,1
926706787 GriewankG1 -600,600,-180,1
1804144104 WeierstrassW1 -0.5,0.5,90,1
1037107662 RosenbrockR1 -30,30,390,1
1779978152 SphereS1 -100,100,-450,0.001
725705496 RastriginS1 -5,5,-211,1
516265609 RastriginR1 -5.12,5.12,-330,1
1881849844 SchwefelS1 -100,100,-310,0.01
1362260875 SchwefelS1 -100,100,-310,0.01
340644701 RastriginR1 -5.12,5.12,-330,1
681237979 RastriginS1 -5,5,-211,1
236273486 GriewankG1 -600,600,-180,1
452013655 WeierstrassW1 -0.5,0.5,90,1
1016998362 SphereS1 -100,100,-450,0.001
1806698609 RosenbrockR1 -30,30,390,1
1462144176 GriewankG1 -600,600,-180,1
1055832033 RosenbrockR1 -30,30,390,1
1671948314 SchwefelS1 -100,100,-310,0.01
740235885 WeierstrassW1 -0.5,0.5,90,1
1442341459 SphereS1 -100,100,-450,0.001
1013187990 RastriginS1 -5,5,-211,1
1396507653 RastriginR1 -5.12,5.12,-330,1
1635185211 RastriginS1 -5,5,-211,1
706840261 SphereS1 -100,100,-450,0.001
789916442 GriewankG1 -600,600,-180,1
390895658 RosenbrockR1 -30,30,390,1
382846456 SchwefelS1 -100,100,-310,0.01
331431523 WeierstrassW1 -0.5,0.5,90,1
653012016 RastriginR1 -5.12,5.12,-330,1
572423160 RastriginR1 -5.12,5.12,-330,1
1774895881 WeierstrassW1 -0.5,0.5,90,1
259519606 GriewankG1 -600,600,-180,1
1214994932 RastriginS1 -5,5,-211,1
385303274 RosenbrockR1 -30,30,390,1
718516922 SchwefelS1 -100,100,-310,0.01
247699159 SphereS1 -100,100,-450,0.001
455691724 SphereS1 -100,100,-450,0.001
114053943 GriewankG1 -600,600,-180,1
504265968 SchwefelS1 -100,100,-310,0.01
738190443 WeierstrassW1 -0.5,0.5,90,1
986626595 RosenbrockR1 -30,30,390,1
1408897790 RastriginS1 -5,5,-211,1
1554778865 RastriginR1 -5.12,5.12,-330,1
644467944 RastriginR1 -5.12,5.12,-330,1
999968932 WeierstrassW1 -0.5,0.5,90,1
2014111541 SphereS1 -100,100,-450,0.001
1373388972 RastriginS1 -5,5,-211,1
1263225672 RosenbrockR1 -30,30,390,1
44507877 GriewankG1 -600,600,-180,1
1286125993 SchwefelS1 -100,100,-310,0.01
2108166038 RosenbrockR1 -30,30,390,1
978372137 WeierstrassW1 -0.5,0.5,90,1
1653434053 GriewankG1 -600,600,-180,1
643409404 RastriginR1 -5.12,5.12,-330,1
1290851725 SchwefelS1 -100,100,-310,0.01
1839919824 RastriginS1 -5,5,-211,1
478162 SphereS1 -100,100,-450,0.001
2039441642 SchwefelS1 -100,100,-310,0.01
508960354 GriewankG1 -600,600,-180,1
887103198 WeierstrassW1 -0.5,0.5,90,1
808895313 RosenbrockR1 -30,30,390,1
394193589 RastriginR1 -5.12,5.12,-330,1
1792631398 SphereS1 -100,100,-450,0.001
455005699 RastriginS1 -5,5,-211,1
1555609893 RosenbrockR1 -30,30,390,1
1449475732 RastriginS1 -5,5,-211,1
1371854185 RastriginR1 -5.12,5.12,-330,1
2001803924 SphereS1 -100,100,-450,0.001
1800233892 WeierstrassW1 -0.5,0.5,90,1
986386841 GriewankG1 -600,600,-180,1
892683073 SchwefelS1 -100,100,-310,0.01
402185472 RosenbrockR1 -30,30,390,1
2072113546 RastriginS1 -5,5,-211,1
1037101345 WeierstrassW1 -0.5,0.5,90,1
864447712 GriewankG1 -600,600,-180,1
520181393 RastriginR1 -5.12,5.12,-330,1
127424174 SphereS1 -100,100,-450,0.001
1959488937 SchwefelS1 -100,100,-310,0.01
1492885975 SchwefelS1 -100,100,-310,0.01
352463308 GriewankG1 -600,600,-180,1
1477412835 WeierstrassW1 -0.5,0.5,90,1
142389077 RastriginR1 -5.12,5.12,-330,1
579711180 SphereS1 -100,100,-450,0.001
1584952101 RosenbrockR1 -30,30,390,1
2122409146 RastriginS1 -5,5,-211,1
1394270614 RosenbrockR1 -30,30,390,1
273521163 GriewankG1 -600,600,-180,1
2127486741 SphereS1 -100,100,-450,0.001
1687311538 RastriginS1 -5,5,-211,1
2095683897 WeierstrassW1 -0.5,0.5,90,1
275584746 SchwefelS1 -100,100,-310,0.01
107571036 RastriginR1 -5.12,5.12,-330,1
1535918249 GriewankG1 -600,600,-180,1
545697314 RosenbrockR1 -30,30,390,1
1586937354 SphereS1 -100,100,-450,0.001
1683436427 SchwefelS1 -100,100,-310,0.01
991873088 WeierstrassW1 -0.5,0.5,90,1
67251506 RastriginS1 -5,5,-211,1
967885758 RastriginR1 -5.12,5.12,-330,1
709787808 RastriginS1 -5,5,-211,1
51254325 GriewankG1 -600,600,-180,1
1218436809 RosenbrockR1 -30,30,390,1
105008473 SchwefelS1 -100,100,-310,0.01
1792568685 WeierstrassW1 -0.5,0.5,90,1
620740871 SphereS1 -100,100,-450,0.001
2072050101 RastriginR1 -5.12,5.12,-330,1
977775328 SchwefelS1 -100,100,-310,0.01
1785441379 WeierstrassW1 -0.5,0.5,90,1
1431114185 RosenbrockR1 -30,30,390,1
1989718118 RastriginR1 -5.12,5.12,-330,1
952369736 GriewankG1 -600,600,-180,1
754768884 SphereS1 -100,100,-450,0.001
146776142 RastriginS1 -5,5,-211,1
182936376 WeierstrassW1 -0.5,0.5,90,1
1243510519 RastriginR1 -5.12,5.12,-330,1
141331625 SchwefelS1 -100,100,-310,0.01
1086040013 RosenbrockR1 -30,30,390,1
1962148078 GriewankG1 -600,600,-180,1
945117845 RastriginS1 -5,5,-211,1
870932824 SphereS1 -100,100,-450,0.001
2074708043 RastriginS1 -5,5,-211,1
1335087599 SphereS1 -100,100,-450,0.001
1731543082 RosenbrockR1 -30,30,390,1
1806608525 SchwefelS1 -100,100,-310,0.01
1041189057 RastriginR1 -5.12,5.12,-330,1
424190263 WeierstrassW1 -0.5,0.5,90,1
1852674065 GriewankG1 -600,600,-180,1
760820697 RastriginS1 -5,5,-211,1
926695071 SchwefelS1 -100,100,-310,0.01
58272155 WeierstrassW1 -0.5,0.5,90,1
1738713576 RastriginR1 -5.12,5.12,-330,1
1293245178 GriewankG1 -600,600,-180,1
357929065 RosenbrockR1 -30,30,390,1
471173562 SphereS1 -100,100,-450,0.001
401374260 RastriginS1 -5,5,-211,1
1260199100 WeierstrassW1 -0.5,0.5,90,1
623357797 SphereS1 -100,100,-450,0.001
1585336098 GriewankG1 -600,600,-180,1
1817766949 SchwefelS1 -100,100,-310,0.01
537446169 RastriginR1 -5.12,5.12,-330,1
49813850 RosenbrockR1 -30,30,390,1
392358021 RastriginR1 -5.12,5.12,-330,1
1610041621 WeierstrassW1 -0.5,0.5,90,1
1085735490 RastriginS1 -5,5,-211,1
1482809655 SchwefelS1 -100,100,-310,0.01
1273577516 GriewankG1 -600,600,-180,1
590623924 SphereS1 -100,100,-450,0.001
1139449081 RosenbrockR1 -30,30,390,1
1975212004 RosenbrockR1 -30,30,390,1
526591801 RastriginR1 -5.12,5.12,-330,1
2122925410 WeierstrassW1 -0.5,0.5,90,1
1884112916 SphereS1 -100,100,-450,0.001
388711748 GriewankG1 -600,600,-180,1
2061511752 RastriginS1 -5,5,-211,1
33669106 SchwefelS1 -100,100,-310,0.01
143195933 SchwefelS1 -100,100,-310,0.01
1549591390 WeierstrassW1 -0.5,0.5,90,1
372596315 SphereS1 -100,100,-450,0.001
1293922155 GriewankG1 -600,600,-180,1
909254540 RastriginS1 -5,5,-211,1
2056178470 RastriginR1 -5.12,5.12,-330,1
371594822 RosenbrockR1 -30,30,390,1
590991369 SchwefelS1 -100,100,-310,0.01
669266867 WeierstrassW1 -0.5,0.5,90,1
1752199451 RastriginR1 -5.12,5.12,-330,1
515117839 SphereS1 -100,100,-450,0.001
650719918 RosenbrockR1 -30,30,390,1
1919638797 GriewankG1 -600,600,-180,1
331628548 RastriginS1 -5,5,-211,1
1517024275 RastriginS1 -5,5,-211,1
2012958907 SchwefelS1 -100,100,-310,0.01
1238053026 RosenbrockR1 -30,30,390,1
967136510 RastriginR1 -5.12,5.12,-330,1
1356232363 SphereS1 -100,100,-450,0.001
761528529 WeierstrassW1 -0.5,0.5,90,1
2021033023 GriewankG1 -600,600,-180,1
502529155 GriewankG1 -600,600,-180,1
459987060 RastriginS1 -5,5,-211,1
294403817 SphereS1 -100,100,-450,0.001
145271293 RastriginR1 -5.12,5.12,-330,1
186161890 SchwefelS1 -100,100,-310,0.01
270552511 WeierstrassW1 -0.5,0.5,90,1
288994057 RosenbrockR1 -30,30,390,1
1035865144 RastriginS1 -5,5,-211,1
1128294647 RosenbrockR1 -30,30,390,1
1437804314 WeierstrassW1 -0.5,0.5,90,1
756379377 SchwefelS1 -100,100,-310,0.01
1000422406 RastriginR1 -5.12,5.12,-330,1
170028179 SphereS1 -100,100,-450,0.001
1853720991 GriewankG1 -600,600,-180,1
1388939949 SchwefelS1 -100,100,-310,0.01
1181548268 GriewankG1 -600,600,-180,1
951501851 WeierstrassW1 -0.5,0.5,90,1
932329743 RosenbrockR1 -30,30,390,1
548872377 RastriginS1 -5,5,-211,1
1110353196 RastriginR1 -5.12,5.12,-330,1
1240713756 SphereS1 -100,100,-450,0.001
1632523054 SchwefelS1 -100,100,-310,0.01
175967058 RastriginR1 -5.12,5.12,-330,1
2015317560 GriewankG1 -600,600,-180,1
1937191063 WeierstrassW1 -0.5,0.5,90,1
933589202 RosenbrockR1 -30,30,390,1
222280564 RastriginS1 -5,5,-211,1
530312510 SphereS1 -100,100,-450,0.001
87184507 RastriginS1 -5,5,-211,1
1965355796 WeierstrassW1 -0.5,0.5,90,1
1112815387 RastriginR1 -5.12,5.12,-330,1
916116812 SphereS1 -100,100,-450,0.001
1743334220 SchwefelS1 -100,100,-310,0.01
1818982877 GriewankG1 -600,600,-180,1
841086727 RosenbrockR1 -30,30,390,1
1151156772 GriewankG1 -600,600,-180,1
181264614 RastriginS1 -5,5,-211,1
1264283771 WeierstrassW1 -0.5,0.5,90,1
47032641 SchwefelS1 -100,100,-310,0.01
1412036305 RosenbrockR1 -30,30,390,1
1669594451 SphereS1 -100,100,-450,0.001
547541553 RastriginR1 -5.12,5.12,-330,1
1319897615 RosenbrockR1 -30,30,390,1
983339336 SchwefelS1 -100,100,-310,0.01
1928651845 GriewankG1 -600,600,-180,1
1778354880 RastriginR1 -5.12,5.12,-330,1
1021157962 WeierstrassW1 -0.5,0.5,90,1
1758910598 SphereS1 -100,100,-450,0.001
1990284006 RastriginS1 -5,5,-211,1
2009956209 SchwefelS1 -100,100,-310,0.01
1364997369 GriewankG1 -600,600,-180,1
218847480 WeierstrassW1 -0.5,0.5,90,1
994308704 RastriginR1 -5.12,5.12,-330,1
805605179 RosenbrockR1 -30,30,390,1
602953972 SphereS1 -100,100,-450,0.001
1382061038 RastriginS1 -5,5,-211,1
996771333 SphereS1 -100,100,-450,0.001
1166318036 WeierstrassW1 -0.5,0.5,90,1
757052445 GriewankG1 -600,600,-180,1
1322569101 SchwefelS1 -100,100,-310,0.01
1773872456 RastriginR1 -5.12,5.12,-330,1
585223855 RastriginS1 -5,5,-211,1
1610712450 RosenbrockR1 -30,30,390,1
562413291 GriewankG1 -600,600,-180,1
411249266 WeierstrassW1 -0.5,0.5,90,1
948705825 SchwefelS1 -100,100,-310,0.01
1827827668 SphereS1 -100,100,-450,0.001
1504425755 RosenbrockR1 -30,30,390,1
1904819741 RastriginR1 -5.12,5.12,-330,1
1950762901 RastriginS1 -5,5,-211,1
83496179 RastriginR1 -5.12,5.12,-330,1
325809340 SchwefelS1 -100,100,-310,0.01
1400333778 RastriginS1 -5,5,-211,1
1959248944 WeierstrassW1 -0.5,0.5,90,1
496833897 RosenbrockR1 -30,30,390,1
543130553 GriewankG1 -600,600,-180,1
403922194 SphereS1 -100,100,-450,0.001
1972949726 RosenbrockR1 -30,30,390,1
1132915241 RastriginR1 -5.12,5.12,-330,1
285548454 SphereS1 -100,100,-450,0.001
467053993 RastriginS1 -5,5,-211,1
1154372499 WeierstrassW1 -0.5,0.5,90,1
239454437 GriewankG1 -600,600,-180,1
1856579005 SchwefelS1 -100,100,-310,0.01
2075629926 RastriginS1 -5,5,-211,1
645959366 RosenbrockR1 -30,30,390,1
1567412278 SchwefelS1 -100,100,-310,0.01
1274751124 WeierstrassW1 -0.5,0.5,90,1
351288348 SphereS1 -100,100,-450,0.001
1297381136 GriewankG1 -600,600,-180,1
230592393 RastriginR1 -5.12,5.12,-330,1
2079542050 RastriginR1 -5.12,5.12,-330,1
691467027 RastriginS1 -5,5,-211,1
830513908 GriewankG1 -600,600,-180,1
1604256878 SphereS1 -100,100,-450,0.001
292202697 SchwefelS1 -100,100,-310,0.01
368738232 WeierstrassW1 -0.5,0.5,90,1
1605588801 RosenbrockR1 -30,30,390,1
1229582086 WeierstrassW1 -0.5,0.5,90,1
69511442 RastriginR1 -5.12,5.12,-330,1
1035378436 RosenbrockR1 -30,30,390,1
753079576 GriewankG1 -600,600,-180,1
1896763706 SphereS1 -100,100,-450,0.001
1659723879 SchwefelS1 -100,100,-310,0.01
2121469225 RastriginS1 -5,5,-211,1
292121465 RastriginR1 -5.12,5.12,-330,1
1242052989 SphereS1 -100,100,-450,0.001
505358177 WeierstrassW1 -0.5,0.5,90,1
1595786366 RastriginS1 -5,5,-211,1
832100812 GriewankG1 -600,600,-180,1
1124867863 RosenbrockR1 -30,30,390,1
1462198487 SchwefelS1 -100,100,-310,0.01
557115453 WeierstrassW1 -0.5,0.5,90,1
1848547350 RastriginR1 -5.12,5.12,-330,1
403860090 RosenbrockR1 -30,30,390,1
650424813 SchwefelS1 -100,100,-310,0.01
666911086 SphereS1 -100,100,-450,0.001
960773569 GriewankG1 -600,600,-180,1
594141638 RastriginS1 -5,5,-211,1
524053695 RastriginS1 -5,5,-211,1
1917578883 RosenbrockR1 -30,30,390,1
218628196 SphereS1 -100,100,-450,0.001
370929675 WeierstrassW1 -0.5,0.5,90,1
2141333201 GriewankG1 -600,600,-180,1
1106768911 SchwefelS1 -100,100,-310,0.01
1957432445 RastriginR1 -5.12,5.12,-330,1
556142871 RosenbrockR1 -30,30,390,1
850725518 RastriginS1 -5,5,-211,1
231167472 GriewankG1 -600,600,-180,1
1569210564 WeierstrassW1 -0.5,0.5,90,1
817352099 SphereS1 -100,100,-450,0.001
1172146034 SchwefelS1 -100,100,-310,0.01
2070345743 RastriginR1 -5.12,5.12,-330,1
1293805740 RosenbrockR1 -30,30,390,1
41209973 RastriginR1 -5.12,5.12,-330,1
239893819 GriewankG1 -600,600,-180,1
770550358 SphereS1 -100,100,-450,0.001
1396618552 WeierstrassW1 -0.5,0.5,90,1
1673999737 SchwefelS1 -100,100,-310,0.01
762369108 RastriginS1 -5,5,-211,1
1444136106 RosenbrockR1 -30,30,390,1
77976929 RastriginR1 -5.12,5.12,-330,1
1093396293 SphereS1 -100,100,-450,0.001
1446564935 SchwefelS1 -100,100,-310,0.01
91736124 RastriginS1 -5,5,-211,1
2025358984 GriewankG1 -600,600,-180,1
1772188582 WeierstrassW1 -0.5,0.5,90,1
1613569805 RosenbrockR1 -30,30,390,1
1514766043 SphereS1 -100,100,-450,0.001
1830993831 WeierstrassW1 -0.5,0.5,90,1
41926043 GriewankG1 -600,600,-180,1
1681309077 RastriginR1 -5.12,5.12,-330,1
1673882099 SchwefelS1 -100,100,-310,0.01
983299695 RastriginS1 -5,5,-211,1
2011142585 WeierstrassW1 -0.5,0.5,90,1
610097041 RastriginR1 -5.12,5.12,-330,1
647791099 SphereS1 -100,100,-450,0.001
1620200843 RosenbrockR1 -30,30,390,1
1365229001 GriewankG1 -600,600,-180,1
1860917210 RastriginS1 -5,5,-211,1
253588381 SchwefelS1 -100,100,-310,0.01
393072905 SchwefelS1 -100,100,-310,0.01
451379049 SphereS1 -100,100,-450,0.001
2102861315 RastriginR1 -5.12,5.12,-330,1
133966956 WeierstrassW1 -0.5,0.5,90,1
1428547695 RosenbrockR1 -30,30,390,1
346994844 GriewankG1 -600,600,-180,1
1486671432 RastriginS1 -5,5,-211,1
671308677 RastriginS1 -5,5,-211,1
1582739383 SchwefelS1 -100,100,-310,0.01
328261331 GriewankG1 -600,600,-180,1
992822576 WeierstrassW1 -0.5,0.5,90,1
493344017 SphereS1 -100,100,-450,0.001
1117394113 RosenbrockR1 -30,30,390,1
2019130659 RastriginR1 -5.12,5.12,-330,1
1582750792 GriewankG1 -600,600,-180,1
799239258 RosenbrockR1 -30,30,390,1
112125552 RastriginS1 -5,5,-211,1
874976845 RastriginR1 -5.12,5.12,-330,1
113667737 WeierstrassW1 -0.5,0.5,90,1
921913505 SchwefelS1 -100,100,-310,0.01
676846290 SphereS1 -100,100,-450,0.001
2113502007 RosenbrockR1 -30,30,390,1
1142279222 SphereS1 -100,100,-450,0.001
111265132 GriewankG1 -600,600,-180,1
195305785 RastriginS1 -5,5,-211,1
469800699 RastriginR1 -5.12,5.12,-330,1
878960406 SchwefelS1 -100,100,-310,0.01
762143218 WeierstrassW1 -0.5,0.5,90,1
31270375 RastriginR1 -5.12,5.12,-330,1
289613581 RosenbrockR1 -30,30,390,1
982421055 GriewankG1 -600,600,-180,1
997621893 SchwefelS1 -100,100,-310,0.01
907309924 RastriginS1 -5,5,-211,1
503554668 WeierstrassW1 -0.5,0.5,90,1
966784632 SphereS1 -100,100,-450,0.001
1975767302 RastriginR1 -5.12,5.12,-330,1
881165873 SphereS1 -100,100,-450,0.001
1708608717 RastriginS1 -5,5,-211,1
345314845 SchwefelS1 -100,100,-310,0.01
2068469107 RosenbrockR1 -30,30,390,1
1991804887 WeierstrassW1 -0.5,0.5,90,1
103212680 GriewankG1 -600,600,-180,1
1170146008 GriewankG1 -600,600,-180,1
1290768104 SchwefelS1 -100,100,-310,0.01
375441240 RosenbrockR1 -30,30,390,1
1023663807 SphereS1 -100,100,-450,0.001
1273314281 RastriginR1 -5.12,5.12,-330,1
1045296696 RastriginS1 -5,5,-211,1
1228333582 WeierstrassW1 -0.5,0.5,90,1
1296792875 WeierstrassW1 -0.5,0.5,90,1
1682226633 RastriginR1 -5.12,5.12,-330,1
1740299144 SphereS1 -100,100,-450,0.001
419391408 SchwefelS1 -100,100,-310,0.01
1487224676 RosenbrockR1 -30,30,390,1
1442239505 RastriginS1 -5,5,-211,1
1041331902 GriewankG1 -600,600,-180,1
904377588 GriewankG1 -600,600,-180,1
1406325002 SchwefelS1 -100,100,-310,0.01
1829829288 RosenbrockR1 -30,30,390,1
1083008347 SphereS1 -100,100,-450,0.001
426157439 WeierstrassW1 -0.5,0.5,90,1
777475229 RastriginS1 -5,5,-211,1
1865877902 RastriginR1 -5.12,5.12,-330,1
1127932581 SchwefelS1 -100,100,-310,0.01
1520636585 RosenbrockR1 -30,30,390,1
1552552203 WeierstrassW1 -0.5,0.5,90,1
1669721725 SphereS1 -100,100,-450,0.001
1225058355 RastriginS1 -5,5,-211,1
45834899 GriewankG1 -600,600,-180,1
573350417 RastriginR1 -5.12,5.12,-330,1
426230263 RastriginR1 -5.12,5.12,-330,1
123569790 GriewankG1 -600,600,-180,1
1533174171 RosenbrockR1 -30,30,390,1
1040864647 SphereS1 -100,100,-450,0.001
243134305 RastriginS1 -5,5,-211,1
987278269 SchwefelS1 -100,100,-310,0.01
1847303703 WeierstrassW1 -0.5,0.5,90,1
593005573 RastriginR1 -5.12,5.12,-330,1
873064448 GriewankG1 -600,600,-180,1
1345447215 WeierstrassW1 -0.5,0.5,90,1
1563977265 SchwefelS1 -100,100,-310,0.01
1977348422 SphereS1 -100,100,-450,0.001
1715666006 RastriginS1 -5,5,-211,1
2038988353 RosenbrockR1 -30,30,390,1
1465206261 RosenbrockR1 -30,30,390,1
1976860989 WeierstrassW1 -0.5,0.5,90,1
1729265753 RastriginR1 -5.12,5.12,-330,1
563733494 SphereS1 -100,100,-450,0.001
1194512661 SchwefelS1 -100,100,-310,0.01
501180263 RastriginS1 -5,5,-211,1
1073518661 GriewankG1 -600,600,-180,1
60111192 RastriginS1 -5,5,-211,1
2011775853 SphereS1 -100,100,-450,0.001
206518104 RosenbrockR1 -30,30,390,1
322813966 WeierstrassW1 -0.5,0.5,90,1
2075516876 RastriginR1 -5.12,5.12,-330,1
1849296504 GriewankG1 -600,600,-180,1
1988900377 SchwefelS1 -100,100,-310,0.01
2043595847 SphereS1 -100,100,-450,0.001
116519887 GriewankG1 -600,600,-180,1
995047701 SchwefelS1 -100,100,-310,0.01
409664857 RastriginS1 -5,5,-211,1
1360544089 RosenbrockR1 -30,30,390,1
1849449941 WeierstrassW1 -0.5,0.5,90,1
1153149053 RastriginR1 -5.12,5.12,-330,1
1604953014 RastriginS1 -5,5,-211,1
1131671699 RosenbrockR1 -30,30,390,1
898300345 WeierstrassW1 -0.5,0.5,90,1
1225492696 RastriginR1 -5.12,5.12,-330,1
2072303255 SphereS1 -100,100,-450,0.001
1975046931 SchwefelS1 -100,100,-310,0.01
733039825 GriewankG1 -600,600,-180,1
1407194463 SphereS1 -100,100,-450,0.001
580713411 RastriginS1 -5,5,-211,1
347495721 WeierstrassW1 -0.5,0.5,90,1
1924517308 GriewankG1 -600,600,-180,1
1622373388 SchwefelS1 -100,100,-310,0.01
1747736406 RosenbrockR1 -30,30,390,1
6652780 RastriginR1 -5.12,5.12,-330,1
947668258 RastriginR1 -5.12,5.12,-330,1
395872645 RosenbrockR1 -30,30,390,1
873203653 RastriginS1 -5,5,-211,1
2110077780 SchwefelS1 -100,100,-310,0.01
1504139421 SphereS1 -100,100,-450,0.001
1655453908 GriewankG1 -600,600,-180,1
1738111513 WeierstrassW1 -0.5,0.5,90,1
713352630 GriewankG1 -600,600,-180,1
1902114936 RastriginR1 -5.12,5.12,-330,1
1500696342 WeierstrassW1 -0.5,0.5,90,1
491962437 RosenbrockR1 -30,30,390,1
1523700412 RastriginS1 -5,5,-211,1
1894181117 SphereS1 -100,100,-450,0.001
74935368 SchwefelS1 -100,100,-310,0.01
605442916 GriewankG1 -600,600,-180,1
1989110104 RastriginS1 -5,5,-211,1
642615773 SphereS1 -100,100,-450,0.001
1312907004 WeierstrassW1 -0.5,0.5,90,1
635430588 RosenbrockR1 -30,30,390,1
1937039289 SchwefelS1 -100,100,-310,0.01
902902487 RastriginR1 -5.12,5.12,-330,1
1420653878 RastriginR1 -5.12,5.12,-330,1
606114589 RastriginS1 -5,5,-211,1
989296861 SchwefelS1 -100,100,-310,0.01
1009553264 SphereS1 -100,100,-450,0.001
1782981601 GriewankG1 -600,600,-180,1
671058116 RosenbrockR1 -30,30,390,1
895024213 WeierstrassW1 -0.5,0.5,90,1
196906405 GriewankG1 -600,600,-180,1
977578275 SchwefelS1 -100,100,-310,0.01
411653773 SphereS1 -100,100,-450,0.001
1806987251 RosenbrockR1 -30,30,390,1
49242108 WeierstrassW1 -0.5,0.5,90,1
1061204114 RastriginS1 -5,5,-211,1
1074775479 RastriginR1 -5.12,5.12,-330,1
1331409195 SchwefelS1 -100,100,-310,0.01
668966760 RastriginS1 -5,5,-211,1
1616052095 SphereS1 -100,100,-450,0.001
762408364 RastriginR1 -5.12,5.12,-330,1
1627504894 RosenbrockR1 -30,30,390,1
345337958 WeierstrassW1 -0.5,0.5,90,1
766126452 GriewankG1 -600,600,-180,1
1409539971 RosenbrockR1 -30,30,390,1
646393707 WeierstrassW1 -0.5,0.5,90,1
457266776 RastriginS1 -5,5,-211,1
1659639769 SchwefelS1 -100,100,-310,0.01
217531679 SphereS1 -100,100,-450,0.001
345060917 GriewankG1 -600,600,-180,1
553178941 RastriginR1 -5.12,5.12,-330,1
977532774 RastriginR1 -5.12,5.12,-330,1
1530004706 SchwefelS1 -100,100,-310,0.01
546794289 WeierstrassW1 -0.5,0.5,90,1
1604925440 RastriginS1 -5,5,-211,1
908231122 GriewankG1 -600,600,-180,1
1233187672 SphereS1 -100,100,-450,0.001
2029686952 RosenbrockR1 -30,30,390,1
412922500 GriewankG1 -600,600,-180,1
1635103875 RosenbrockR1 -30,30,390,1
2123576163 RastriginR1 -5.12,5.12,-330,1
861670845 SchwefelS1 -100,100,-310,0.01
857056915 SphereS1 -100,100,-450,0.001
1559549899 WeierstrassW1 -0.5,0.5,90,1
634030387 RastriginS1 -5,5,-211,1
1179992647 SchwefelS1 -100,100,-310,0.01
318618854 GriewankG1 -600,600,-180,1
787279137 RastriginR1 -5.12,5.12,-330,1
1218076039 SphereS1 -100,100,-450,0.001
1710370257 RastriginS1 -5,5,-211,1
452220145 RosenbrockR1 -30,30,390,1
388795600 WeierstrassW1 -0.5,0.5,90,1
1840693861 RastriginR1 -5.12,5.12,-330,1
49766504 SchwefelS1 -100,100,-310,0.01
324031444 RosenbrockR1 -30,30,390,1
2017636085 SphereS1 -100,100,-450,0.001
1378490208 RastriginS1 -5,5,-211,1
802500269 GriewankG1 -600,600,-180,1
1612873474 WeierstrassW1 -0.5,0.5,90,1
2132816030 RosenbrockR1 -30,30,390,1
2033841762 WeierstrassW1 -0.5,0.5,90,1
814938414 RastriginR1 -5.12,5.12,-330,1
2010455471 RastriginS1 -5,5,-211,1
1913069213 SchwefelS1 -100,100,-310,0.01
669298310 GriewankG1 -600,600,-180,1
2077839586 SphereS1 -100,100,-450,0.001
1860787776 GriewankG1 -600,600,-180,1
1290257347 WeierstrassW1 -0.5,0.5,90,1
1926289302 RastriginR1 -5.12,5.12,-330,1
137494302 RastriginS1 -5,5,-211,1
889272291 SchwefelS1 -100,100,-310,0.01
2052301506 SphereS1 -100,100,-450,0.001
1880524718 RosenbrockR1 -30,30,390,1
205341767 SchwefelS1 -100,100,-310,0.01
324336217 RosenbrockR1 -30,30,390,1
2090410438 WeierstrassW1 -0.5,0.5,90,1
565435473 RastriginS1 -5,5,-211,1
16638129 RastriginR1 -5.12,5.12,-330,1
1879129096 SphereS1 -100,100,-450,0.001
1250531651 GriewankG1 -600,600,-180,1
1081387746 RastriginS1 -5,5,-211,1
1260749772 GriewankG1 -600,600,-180,1
98023135 SphereS1 -100,100,-450,0.001
44104008 SchwefelS1 -100,100,-310,0.01
969434907 RastriginR1 -5.12,5.12,-330,1
1925534730 WeierstrassW1 -0.5,0.5,90,1
1762181514 RosenbrockR1 -30,30,390,1
1719678379 GriewankG1 -600,600,-180,1
931413496 RastriginR1 -5.12,5.12,-330,1
1761964922 SchwefelS1 -100,100,-310,0.01
611506828 RosenbrockR1 -30,30,390,1
1137958822 RastriginS1 -5,5,-211,1
521259565 WeierstrassW1 -0.5,0.5,90,1
1814243546 SphereS1 -100,100,-450,0.001
746424009 SchwefelS1 -100,100,-310,0.01
897013010 RosenbrockR1 -30,30,390,1
1347213724 GriewankG1 -600,600,-180,1
1521174296 RastriginS1 -5,5,-211,1
1890352431 SphereS1 -100,100,-450,0.001
1617493411 WeierstrassW1 -0.5,0.5,90,1
1182292916 RastriginR1 -5.12,5.12,-330,1
733235341 WeierstrassW1 -0.5,0.5,90,1
1713678712 SphereS1 -100,100,-450,0.001
54126795 GriewankG1 -600,600,-180,1
1861425967 RastriginS1 -5,5,-211,1
1424721138 SchwefelS1 -100,100,-310,0.01
887567683 RosenbrockR1 -30,30,390,1
161045554 RastriginR1 -5.12,5.12,-330,1
1428025297 WeierstrassW1 -0.5,0.5,90,1
103087485 SchwefelS1 -100,100,-310,0.01
1172035974 RastriginS1 -5,5,-211,1
616837606 RosenbrockR1 -30,30,390,1
1626951120 SphereS1 -100,100,-450,0.001
623246930 GriewankG1 -600,600,-180,1
1322928148 RastriginR1 -5.12,5.12,-330,1
67332037 RastriginS1 -5,5,-211,1
1197192794 SchwefelS1 -100,100,-310,0.01
335123228 RastriginR1 -5.12,5.12,-330,1
1560546428 WeierstrassW1 -0.5,0.5,90,1
1111310203 GriewankG1 -600,600,-180,1
1204388666 SphereS1 -100,100,-450,0.001
1279480369 RosenbrockR1 -30,30,390,1
365990253 WeierstrassW1 -0.5,0.5,90,1
1814707294 SphereS1 -100,100,-450,0.001
1507594931 SchwefelS1 -100,100,-310,0.01
114293827 RastriginS1 -5,5,-211,1
620306651 GriewankG1 -600,600,-180,1
1936676785 RastriginR1 -5.12,5.12,-330,1
391746143 RosenbrockR1 -30,30,390,1
1879858615 WeierstrassW1 -0.5,0.5,90,1
1848293036 RastriginS1 -5,5,-211,1
522160291 GriewankG1 -600,600,-180,1
310472238 SchwefelS1 -100,100,-310,0.01
2062860151 RastriginR1 -5.12,5.12,-330,1
745988835 SphereS1 -100,100,-450,0.001
1206667679 RosenbrockR1 -30,30,390,1
1534171624 SchwefelS1 -100,100,-310,0.01
1969846154 GriewankG1 -600,600,-180,1
1405390276 RosenbrockR1 -30,30,390,1
1119607532 WeierstrassW1 -0.5,0.5,90,1
1099881906 RastriginR1 -5.12,5.12,-330,1
79294057 RastriginS1 -5,5,-211,1
921973417 SphereS1 -100,100,-450,0.001
1543522712 SchwefelS1 -100,100,-310,0.01
1983731291 SphereS1 -100,100,-450,0.001
1850263307 RosenbrockR1 -30,30,390,1
1372182310 GriewankG1 -600,600,-180,1
226816765 RastriginR1 -5.12,5.12,-330,1
1979566259 RastriginS1 -5,5,-211,1
149669697 WeierstrassW1 -0.5,0.5,90,1
835077576 RastriginR1 -5.12,5.12,-330,1
1640400245 RosenbrockR1 -30,30,390,1
1398698455 SchwefelS1 -100,100,-310,0.01
647564410 RastriginS1 -5,5,-211,1
224226394 WeierstrassW1 -0.5,0.5,90,1
1187343656 SphereS1 -100,100,-450,0.001
1177388372 GriewankG1 -600,600,-180,1
2103291597 RastriginS1 -5,5,-211,1
1962530301 WeierstrassW1 -0.5,0.5,90,1
1697269203 GriewankG1 -600,600,-180,1
1343776529 RastriginR1 -5.12,5.12,-330,1
2135812641 SphereS1 -100,100,-450,0.001
349675055 SchwefelS1 -100,100,-310,0.01
1817497015 RosenbrockR1 -30,30,390,1
2085195733 RosenbrockR1 -30,30,390,1
680887137 SchwefelS1 -100,100,-310,0.01
1717194672 WeierstrassW1 -0.5,0.5,90,1
1489822275 RastriginR1 -5.12,5.12,-330,1
533938332 RastriginS1 -5,5,-211,1
1555593841 SphereS1 -100,100,-450,0.001
1631897731 GriewankG1 -600,600,-180,1
1956462207 SchwefelS1 -100,100,-310,0.01
1116354564 RastriginR1 -5.12,5.12,-330,1
387964141 WeierstrassW1 -0.5,0.5,90,1
1411770087 RosenbrockR1 -30,30,390,1
914577809 RastriginS1 -5,5,-211,1
245483902 SphereS1 -100,100,-450,0.001
1706549161 GriewankG1 -600,600,-180,1
568004078 RastriginR1 -5.12,5.12,-330,1
81960009 SphereS1 -100,100,-450,0.001
1441879662 WeierstrassW1 -0.5,0.5,90,1
530068867 SchwefelS1 -100,100,-310,0.01
599152776 GriewankG1 -600,600,-180,1
492032051 RastriginS1 -5,5,-211,1
1352676008 RosenbrockR1 -30,30,390,1
7207221 RastriginR1 -5.12,5.12,-330,1
171430173 SchwefelS1 -100,100,-310,0.01
1307874738 SphereS1 -100,100,-450,0.001
1235839038 GriewankG1 -600,600,-180,1
49409637 WeierstrassW1 -0.5,0.5,90,1
338035881 RosenbrockR1 -30,30,390,1
845781410 RastriginS1 -5,5,-211,1
1548416241 SchwefelS1 -100,100,-310,0.01
1687349697 RastriginR1 -5.12,5.12,-330,1
669296532 RastriginS1 -5,5,-211,1
570775397 RosenbrockR1 -30,30,390,1
1245360818 WeierstrassW1 -0.5,0.5,90,1
1426840624 SphereS1 -100,100,-450,0.001
2093881340 GriewankG1 -600,600,-180,1
790737083 RastriginS1 -5,5,-211,1
1666323083 RosenbrockR1 -30,30,390,1
1289130514 GriewankG1 -600,600,-180,1
271826954 SchwefelS1 -100,100,-310,0.01
2028720122 SphereS1 -100,100,-450,0.001
1577780585 RastriginR1 -5.12,5.12,-330,1
2140304926 WeierstrassW1 -0.5,0.5,90,1
18563434 SphereS1 -100,100,-450,0.001
1271420643 RosenbrockR1 -30,30,390,1
1603082200 GriewankG1 -600,600,-180,1
1289513260 SchwefelS1 -100,100,-310,0.01
458877446 RastriginR1 -5.12,5.12,-330,1
1937287138 RastriginS1 -5,5,-211,1
637795378 WeierstrassW1 -0.5,0.5,90,1
1168471971 RosenbrockR1 -30,30,390,1
1115801730 RastriginS1 -5,5,-211,1
455423656 SchwefelS1 -100,100,-310,0.01
556512432 WeierstrassW1 -0.5,0.5,90,1
1577553158 SphereS1 -100,100,-450,0.001
335507191 GriewankG1 -600,600,-180,1
1240270953 RastriginR1 -5.12,5.12,-330,1
2030353051 GriewankG1 -600,600,-180,1
1373759095 RastriginR1 -5.12,5.12,-330,1
1260731079 SphereS1 -100,100,-450,0.001
1670622918 RosenbrockR1 -30,30,390,1
17536476 RastriginS1 -5,5,-211,1
347552969 SchwefelS1 -100,100,-310,0.01
1944220912 WeierstrassW1 -0.5,0.5,90,1
233263535 SchwefelS1 -100,100,-310,0.01
8610170 WeierstrassW1 -0.5,0.5,90,1
2087914664 RosenbrockR1 -30,30,390,1
1887807018 RastriginR1 -5.12,5.12,-330,1
1080913496 RastriginS1 -5,5,-211,1
400421386 GriewankG1 -600,600,-180,1
1882688784 SphereS1 -100,100,-450,0.001
120433975 WeierstrassW1 -0.5,0.5,90,1
1255734503 SchwefelS1 -100,100,-310,0.01
383929018 RosenbrockR1 -30,30,390,1
204905582 RastriginS1 -5,5,-211,1
445126281 RastriginR1 -5.12,5.12,-330,1
393477142 GriewankG1 -600,600,-180,1
753602637 SphereS1 -100,100,-450,0.001
1666365853 WeierstrassW1 -0.5,0.5,90,1
298335658 GriewankG1 -600,600,-180,1
1611183026 SphereS1 -100,100,-450,0.001
1781968793 SchwefelS1 -100,100,-310,0.01
504602195 RosenbrockR1 -30,30,390,1
1692493569 RastriginR1 -5.12,5.12,-330,1
1698166830 RastriginS1 -5,5,-211,1
1720758154 GriewankG1 -600,600,-180,1
1947340913 RastriginR1 -5.12,5.12,-330,1
497728187 WeierstrassW1 -0.5,0.5,90,1
1270207244 RosenbrockR1 -30,30,390,1
1952484805 RastriginS1 -5,5,-211,1
585096686 SchwefelS1 -100,100,-310,0.01
1218048906 SphereS1 -100,100,-450,0.001
290314081 SphereS1 -100,100,-450,0.001
1932602157 RastriginR1 -5.12,5.12,-330,1
145052442 RosenbrockR1 -30,30,390,1
607206760 WeierstrassW1 -0.5,0.5,90,1
719954682 SchwefelS1 -100,100,-310,0.01
1109724308 GriewankG1 -600,600,-180,1
1176645074 RastriginS1 -5,5,-211,1
1194418410 WeierstrassW1 -0.5,0.5,90,1
1966238104 RastriginS1 -5,5,-211,1
556012541 RastriginR1 -5.12,5.12,-330,1
223816093 RosenbrockR1 -30,30,390,1
1685769583 SchwefelS1 -100,100,-310,0.01
297533200 SphereS1 -100,100,-450,0.001
884174287 GriewankG1 -600,600,-180,1
1903055850 GriewankG1 -600,600,-180,1
104108888 SphereS1 -100,100,-450,0.001
912854988 RastriginS1 -5,5,-211,1
1900697772 RastriginR1 -5.12,5.12,-330,1
537624436 WeierstrassW1 -0.5,0.5,90,1
461558577 SchwefelS1 -100,100,-310,0.01
2036013792 RosenbrockR1 -30,30,390,1
621524176 RosenbrockR1 -30,30,390,1
641455199 RastriginR1 -5.12,5.12,-330,1
556431198 SphereS1 -100,100,-450,0.001
925221999 RastriginS1 -5,5,-211,1
1344748821 GriewankG1 -600,600,-180,1
690396811 WeierstrassW1 -0.5,0.5,90,1
2145986 SchwefelS1 -100,100,-310,0.01
544947431 SphereS1 -100,100,-450,0.001
493579597 RastriginS1 -5,5,-211,1
1958550785 WeierstrassW1 -0.5,0.5,90,1
615912121 SchwefelS1 -100,100,-310,0.01
954348825 RastriginR1 -5.12,5.12,-330,1
350612799 RosenbrockR1 -30,30,390,1
1764264707 GriewankG1 -600,600,-180,1
912239920 RastriginR1 -5.12,5.12,-330,1
1707450755 RastriginS1 -5,5,-211,1
170248222 GriewankG1 -600,600,-180,1
416079102 SchwefelS1 -100,100,-310,0.01
361306555 RosenbrockR1 -30,30,390,1
271297235 SphereS1 -100,100,-450,0.001
1062356314 WeierstrassW1 -0.5,0.5,90,1
2037865115 SchwefelS1 -100,100,-310,0.01
1083063613 RastriginS1 -5,5,-211,1
724100256 GriewankG1 -600,600,-180,1
824318950 WeierstrassW1 -0.5,0.5,90,1
743365974 SphereS1 -100,100,-450,0.001
2146852667 RastriginR1 -5.12,5.12,-330,1
1716912611 RosenbrockR1 -30,30,390,1
1651281248 SchwefelS1 -100,100,-310,0.01
689402819 RosenbrockR1 -30,30,390,1
1922401818 RastriginR1 -5.12,5.12,-330,1
1217793820 GriewankG1 -600,600,-180,1
689842231 WeierstrassW1 -0.5,0.5,90,1
1721788882 SphereS1 -100,100,-450,0.001
41382535 RastriginS1 -5,5,-211,1
1485525444 WeierstrassW1 -0.5,0.5,90,1
1771229132 RosenbrockR1 -30,30,390,1
2099880738 RastriginR1 -5.12,5.12,-330,1
2027396805 SphereS1 -100,100,-450,0.001
1013760207 SchwefelS1 -100,100,-310,0.01
1540804313 RastriginS1 -5,5,-211,1
150269142 GriewankG1 -600,600,-180,1
2138733072 SchwefelS1 -100,100,-310,0.01
1783713721 RastriginS1 -5,5,-211,1
1277609542 SphereS1 -100,100,-450,0.001
1058946412 RosenbrockR1 -30,30,390,1
403688533 WeierstrassW1 -0.5,0.5,90,1
1243602978 RastriginR1 -5.12,5.12,-330,1
1057354742 GriewankG1 -600,600,-180,1
1372077222 SphereS1 -100,100,-450,0.001
567256104 SchwefelS1 -100,100,-310,0.01
947403929 GriewankG1 -600,600,-180,1
1063874097 RastriginS1 -5,5,-211,1
350076322 RastriginR1 -5.12,5.12,-330,1
2139601462 WeierstrassW1 -0.5,0.5,90,1
785738401 RosenbrockR1 -30,30,390,1
253351255 WeierstrassW1 -0.5,0.5,90,1
1521051083 GriewankG1 -600,600,-180,1
473369524 RastriginR1 -5.12,5.12,-330,1
1128696352 RastriginS1 -5,5,-211,1
1120313420 SphereS1 -100,100,-450,0.001
989336461 RosenbrockR1 -30,30,390,1
444750568 SchwefelS1 -100,100,-310,0.01
1031696348 SphereS1 -100,100,-450,0.001
1701568998 RosenbrockR1 -30,30,390,1
789106322 RastriginR1 -5.12,5.12,-330,1
1451095377 GriewankG1 -600,600,-180,1
771489274 RastriginS1 -5,5,-211,1
575172131 SchwefelS1 -100,100,-310,0.01
910000040 WeierstrassW1 -0.5,0.5,90,1
488185063 RastriginS1 -5,5,-211,1
370464846 RastriginR1 -5.12,5.12,-330,1
1870532509 SchwefelS1 -100,100,-310,0.01
1733936883 WeierstrassW1 -0.5,0.5,90,1
1408169703 RosenbrockR1 -30,30,390,1
1361929902 GriewankG1 -600,600,-180,1
965822431 SphereS1 -100,100,-450,0.001
246875989 RosenbrockR1 -30,30,390,1
1849627716 RastriginR1 -5.12,5.12,-330,1
79657656 GriewankG1 -600,600,-180,1
679898079 SphereS1 -100,100,-450,0.001
1199531998 WeierstrassW1 -0.5,0.5,90,1
1890095707 RastriginS1 -5,5,-211,1
539769713 SchwefelS1 -100,100,-310,0.01
888938099 SphereS1 -100,100,-450,0.001
643311665 SchwefelS1 -100,100,-310,0.01
852731294 WeierstrassW1 -0.5,0.5,90,1
130112863 RastriginR1 -5.12,5.12,-330,1
530045644 RosenbrockR1 -30,30,390,1
1009650266 GriewankG1 -600,600,-180,1
1942981147 RastriginS1 -5,5,-211,1
1447158828 RastriginR1 -5.12,5.12,-330,1
751958375 SphereS1 -100,100,-450,0.001
197325461 WeierstrassW1 -0.5,0.5,90,1
62696825 SchwefelS1 -100,100,-310,0.01
1583739039 RosenbrockR1 -30,30,390,1
1779740112 RastriginS1 -5,5,-211,1
1101907334 GriewankG1 -600,600,-180,1
716257870 RastriginR1 -5.12,5.12,-330,1
1355222418 WeierstrassW1 -0.5,0.5,90,1
1533074903 SchwefelS1 -100,100,-310,0.01
1433555241 SphereS1 -100,100,-450,0.001
247407923 RosenbrockR1 -30,30,390,1
42949768 RastriginS1 -5,5,-211,1
258772456 GriewankG1 -600,600,-180,1
1195576844 SphereS1 -100,100,-450,0.001
467989691 RosenbrockR1 -30,30,390,1
226033939 GriewankG1 -600,600,-180,1
244982876 RastriginR1 -5.12,5.12,-330,1
1815921175 SchwefelS1 -100,100,-310,0.01
1104505693 WeierstrassW1 -0.5,0.5,90,1
630485535 RastriginS1 -5,5,-211,1
1468291452 RastriginS1 -5,5,-211,1
1136558261 WeierstrassW1 -0.5,0.5,90,1
2049587642 SchwefelS1 -100,100,-310,0.01
1475226837 SphereS1 -100,100,-450,0.001
1331683921 RastriginR1 -5.12,5.12,-330,1
216658239 RosenbrockR1 -30,30,390,1
1416240300 GriewankG1 -600,600,-180,1
1352665695 WeierstrassW1 -0.5,0.5,90,1
901139568 SphereS1 -100,100,-450,0.001
1609646040 SchwefelS1 -100,100,-310,0.01
1608884356 GriewankG1 -600,600,-180,1
1473976397 RastriginR1 -5.12,5.12,-330,1
779880763 RosenbrockR1 -30,30,390,1
1447362214 RastriginS1 -5,5,-211,1
1533427763 RastriginS1 -5,5,-211,1
587185950 SphereS1 -100,100,-450,0.001
489296300 GriewankG1 -600,600,-180,1
1617079469 SchwefelS1 -100,100,-310,0.01
1441594959 RastriginR1 -5.12,5.12,-330,1
962006515 WeierstrassW1 -0.5,0.5,90,1
1476853272 RosenbrockR1 -30,30,390,1
883317398 GriewankG1 -600,600,-180,1
729442227 SphereS1 -100,100,-450,0.001
1436670286 WeierstrassW1 -0.5,0.5,90,1
586160211 RastriginS1 -5,5,-211,1
1916782678 RastriginR1 -5.12,5.12,-330,1
1948750152 SchwefelS1 -100,100,-310,0.01
2064849582 RosenbrockR1 -30,30,390,1
1827049837 RastriginS1 -5,5,-211,1
902932917 WeierstrassW1 -0.5,0.5,90,1
2065459426 GriewankG1 -600,600,-180,1
863355304 RastriginR1 -5.12,5.12,-330,1
398443052 RosenbrockR1 -30,30,390,1
905613707 SphereS1 -100,100,-450,0.001
565695181 SchwefelS1 -100,100,-310,0.01
2037653611 RosenbrockR1 -30,30,390,1
841562352 SchwefelS1 -100,100,-310,0.01
975367236 GriewankG1 -600,600,-180,1
1498167997 RastriginS1 -5,5,-211,1
1889249384 SphereS1 -100,100,-450,0.001
1129522103 RastriginR1 -5.12,5.12,-330,1
2053266983 WeierstrassW1 -0.5,0.5,90,1
1291760559 SchwefelS1 -100,100,-310,0.01
1725031770 RosenbrockR1 -30,30,390,1
710444401 WeierstrassW1 -0.5,0.5,90,1
1551956564 GriewankG1 -600,600,-180,1
159613563 RastriginS1 -5,5,-211,1
223294650 SphereS1 -100,100,-450,0.001
934285943 RastriginR1 -5.12,5.12,-330,1
41716511 RastriginS1 -5,5,-211,1
2061238429 GriewankG1 -600,600,-180,1
1119956982 SphereS1 -100,100,-450,0.001
344354879 SchwefelS1 -100,100,-310,0.01
386751950 WeierstrassW1 -0.5,0.5,90,1
424107254 RastriginR1 -5.12,5.12,-330,1
245850037 RosenbrockR1 -30,30,390,1
1305395886 RosenbrockR1 -30,30,390,1
1412825003 SphereS1 -100,100,-450,0.001
1218962406 SchwefelS1 -100,100,-310,0.01
1615039049 RastriginR1 -5.12,5.12,-330,1
807178673 RastriginS1 -5,5,-211,1
1415334041 GriewankG1 -600,600,-180,1
585657939 WeierstrassW1 -0.5,0.5,90,1
1740133068 SphereS1 -100,100,-450,0.001
666131739 GriewankG1 -600,600,-180,1
2109555003 WeierstrassW1 -0.5,0.5,90,1
356605390 RosenbrockR1 -30,30,390,1
1229963538 RastriginR1 -5.12,5.12,-330,1
396839265 SchwefelS1 -100,100,-310,0.01
1992471741 RastriginS1 -5,5,-211,1
449064461 RosenbrockR1 -30,30,390,1
2015762790 WeierstrassW1 -0.5,0.5,90,1
259849951 SphereS1 -100,100,-450,0.001
566936437 SchwefelS1 -100,100,-310,0.01
126830532 RastriginR1 -5.12,5.12,-330,1
1238426195 GriewankG1 -600,600,-180,1
1439645208 RastriginS1 -5,5,-211,1
1044844197 GriewankG1 -600,600,-180,1
721703143 WeierstrassW1 -0.5,0.5,90,1
376705412 RastriginR1 -5.12,5.12,-330,1
55617381 RastriginS1 -5,5,-211,1
393923896 SchwefelS1 -100,100,-310,0.01
979915161 RosenbrockR1 -30,30,390,1
531499191 SphereS1 -100,100,-450,0.001
1759794419 WeierstrassW1 -0.5,0.5,90,1
166326438 RastriginS1 -5,5,-211,1
1818824850 SchwefelS1 -100,100,-310,0.01
407574418 RastriginR1 -5.12,5.12,-330,1
428407535 SphereS1 -100,100,-450,0.001
1921976989 GriewankG1 -600,600,-180,1
879721336 RosenbrockR1 -30,30,390,1
914970530 RastriginR1 -5.12,5.12,-330,1
1729629878 SchwefelS1 -100,100,-310,0.01
1645325609 GriewankG1 -600,600,-180,1
2113535835 SphereS1 -100,100,-450,0.001
1895195792 RosenbrockR1 -30,30,390,1
614480405 RastriginS1 -5,5,-211,1
1592088535 WeierstrassW1 -0.5,0.5,90,1
190460210 GriewankG1 -600,600,-180,1
455597355 RosenbrockR1 -30,30,390,1
1572063370 RastriginR1 -5.12,5.12,-330,1
1133797391 WeierstrassW1 -0.5,0.5,90,1
309634432 RastriginS1 -5,5,-211,1
1502138057 SchwefelS1 -100,100,-310,0.01
145289562 SphereS1 -100,100,-450,0.001
207106236 SphereS1 -100,100,-450,0.001
1591288852 SchwefelS1 -100,100,-310,0.01
1519810534 RastriginR1 -5.12,5.12,-330,1
385748734 RastriginS1 -5,5,-211,1
933081306 WeierstrassW1 -0.5,0.5,90,1
573308949 RosenbrockR1 -30,30,390,1
1849232854 GriewankG1 -600,600,-180,1
1542884377 RosenbrockR1 -30,30,390,1
1228996257 SchwefelS1 -100,100,-310,0.01
1410863954 GriewankG1 -600,600,-180,1
49935342 RastriginS1 -5,5,-211,1
1789540801 WeierstrassW1 -0.5,0.5,90,1
1428448286 SphereS1 -100,100,-450,0.001
202656224 RastriginR1 -5.12,5.12,-330,1
1429047920 RastriginR1 -5.12,5.12,-330,1
536074044 GriewankG1 -600,600,-180,1
74807008 SchwefelS1 -100,100,-310,0.01
1501687795 RastriginS1 -5,5,-211,1
207942182 WeierstrassW1 -0.5,0.5,90,1
