1624275991 SphereS1 -100,100,-450,0.001
1384809961 EllipticE1 -100,100,145,500
489491877 SchwefelS1 -100,100,-310,0.01
2021408744 RastriginS1 -5,5,-211,1
1181055617 GriewankG1 -600,600,-180,1
277209290 RosenbrockR1 -30,30,390,1
163673059 RastriginR1 -5.12,5.12,-330,1
1569183695 WeierstrassW1 -0.5,0.5,90,1
21385954 RastriginR1 -5.12,5.12,-330,1
81741308 RosenbrockR1 -30,30,390,1
643608039 SchwefelS1 -100,100,-310,0.01
910546034 RastriginS1 -5,5,-211,1
1356975222 WeierstrassW1 -0.5,0.5,90,1
1127480330 EllipticE1 -100,100,145,500
927066681 SphereS1 -100,100,-450,0.001
2132687711 GriewankG1 -600,600,-180,1
1971275168 WeierstrassW1 -0.5,0.5,90,1
1066298271 RastriginS1 -5,5,-211,1
433740931 SchwefelS1 -100,100,-310,0.01
630519449 GriewankG1 -600,600,-180,1
530857530 RosenbrockR1 -30,30,390,1
670598854 SphereS1 -100,100,-450,0.001
668125242 EllipticE1 -100,100,145,500
934853003 RastriginR1 -5.12,5.12,-330,1
869634779 RosenbrockR1 -30,30,390,1
1427116700 SchwefelS1 -100,100,-310,0.01
268933529 EllipticE1 -100,100,145,500
1288437206 WeierstrassW1 -0.5,0.5,90,1
1207860195 GriewankG1 -600,600,-180,1
202563016 RastriginR1 -5.12,5.12,-330,1
1672466399 RastriginS1 -5,5,-211,1
1137561781 SphereS1 -100,100,-450,0.001
1347093105 RosenbrockR1 -30,30,390,1
1752551753 WeierstrassW1 -0.5,0.5,90,1
1683529057 SphereS1 -100,100,-450,0.001
1959330886 GriewankG1 -600,600,-180,1
1573491804 EllipticE1 -100,100,145,500
1276061287 SchwefelS1 -100,100,-310,0.01
673356406 RastriginR1 -5.12,5.12,-330,1
2043572876 RastriginS1 -5,5,-211,1
1336915529 EllipticE1 -100,100,145,500
189471598 RastriginS1 -5,5,-211,1
67928280 GriewankG1 -600,600,-180,1
324322125 RosenbrockR1 -30,30,390,1
1139516534 RastriginR1 -5.12,5.12,-330,1
757561672 SphereS1 -100,100,-450,0.001
1874900979 SchwefelS1 -100,100,-310,0.01
889419802 WeierstrassW1 -0.5,0.5,90,1
1608763301 WeierstrassW1 -0.5,0.5,90,1
2087368641 RastriginR1 -5.12,5.12,-330,1
716279619 RastriginS1 -5,5,-211,1
2101338659 GriewankG1 -600,600,-180,1
274038263 SchwefelS1 -100,100,-310,0.01
345058491 RosenbrockR1 -30,30,390,1
651350553 SphereS1 -100,100,-450,0.001
1402722504 EllipticE1 -100,100,145,500
1514730829 GriewankG1 -600,600,-180,1
1403964246 RastriginR1 -5.12,5.12,-330,1
1360827955 RastriginS1 -5,5,-211,1
1328851608 SchwefelS1 -100,100,-310,0.01
1270124472 EllipticE1 -100,100,145,500
395700777 WeierstrassW1 -0.5,0.5,90,1
166918240 RosenbrockR1 -30,30,390,1
137610608 SphereS1 -100,100,-450,0.001
1770576251 RastriginS1 -5,5,-211,1
2072607982 RosenbrockR1 -30,30,390,1
1703207519 SchwefelS1 -100,100,-310,0.01
1374342429 WeierstrassW1 -0.5,0.5,90,1
860563455 RastriginR1 -5.12,5.12,-330,1
1060636884 EllipticE1 -100,100,145,500
1432585587 GriewankG1 -600,600,-180,1
1708451948 SphereS1 -100,100,-450,0.001
14762371 RastriginR1 -5.12,5.12,-330,1
783446193 SphereS1 -100,100,-450,0.001
1717410872 RastriginS1 -5,5,-211,1
933495369 GriewankG1 -600,600,-180,1
280323122 WeierstrassW1 -0.5,0.5,90,1
1800878928 SchwefelS1 -100,100,-310,0.01
463228426 EllipticE1 -100,100,145,500
933996073 RosenbrockR1 -30,30,390,1
736483744 RosenbrockR1 -30,30,390,1
1884668619 EllipticE1 -100,100,145,500
1195358717 SphereS1 -100,100,-450,0.001
315337955 RastriginR1 -5.12,5.12,-330,1
360429709 RastriginS1 -5,5,-211,1
723492794 WeierstrassW1 -0.5,0.5,90,1
549764566 SchwefelS1 -100,100,-310,0.01
2134543461 GriewankG1 -600,600,-180,1
849230012 EllipticE1 -100,100,145,500
1581598136 GriewankG1 -600,600,-180,1
1987581941 RastriginS1 -5,5,-211,1
1728729524 WeierstrassW1 -0.5,0.5,90,1
671120366 SchwefelS1 -100,100,-310,0.01
978997692 RastriginR1 -5.12,5.12,-330,1
315665837 SphereS1 -100,100,-450,0.001
839434649 RosenbrockR1 -30,30,390,1
385251480 RastriginS1 -5,5,-211,1
545144464 RosenbrockR1 -30,30,390,1
2107488385 SchwefelS1 -100,100,-310,0.01
337170491 SphereS1 -100,100,-450,0.001
1046645550 RastriginR1 -5.12,5.12,-330,1
189902097 GriewankG1 -600,600,-180,1
1152739573 WeierstrassW1 -0.5,0.5,90,1
352741827 EllipticE1 -100,100,145,500
1319279734 RastriginS1 -5,5,-211,1
746975216 GriewankG1 -600,600,-180,1
2126249069 RastriginR1 -5.12,5.12,-330,1
1105174320 SphereS1 -100,100,-450,0.001
492720449 RosenbrockR1 -30,30,390,1
45712366 WeierstrassW1 -0.5,0.5,90,1
1541973000 EllipticE1 -100,100,145,500
209429638 SchwefelS1 -100,100,-310,0.01
1555136053 RastriginS1 -5,5,-211,1
1180921810 GriewankG1 -600,600,-180,1
1545738154 WeierstrassW1 -0.5,0.5,90,1
404325749 EllipticE1 -100,100,145,500
16469273 RastriginR1 -5.12,5.12,-330,1
369880805 SphereS1 -100,100,-450,0.001
215757171 SchwefelS1 -100,100,-310,0.01
680421933 RosenbrockR1 -30,30,390,1
792373220 RosenbrockR1 -30,30,390,1
219584116 SchwefelS1 -100,100,-310,0.01
529894574 EllipticE1 -100,100,145,500
1353103835 WeierstrassW1 -0.5,0.5,90,1
1947224500 SphereS1 -100,100,-450,0.001
834267297 GriewankG1 -600,600,-180,1
1127276362 RastriginS1 -5,5,-211,1
1321229170 RastriginR1 -5.12,5.12,-330,1
1494887855 WeierstrassW1 -0.5,0.5,90,1
715180774 SchwefelS1 -100,100,-310,0.01
1954895992 GriewankG1 -600,600,-180,1
1606511427 RosenbrockR1 -30,30,390,1
229653419 SphereS1 -100,100,-450,0.001
1826819203 RastriginR1 -5.12,5.12,-330,1
830052248 EllipticE1 -100,100,145,500
1045759478 RastriginS1 -5,5,-211,1
1676511421 RastriginR1 -5.12,5.12,-330,1
1517172481 EllipticE1 -100,100,145,500
1295617245 RosenbrockR1 -30,30,390,1
1831161802 WeierstrassW1 -0.5,0.5,90,1
1961828377 SphereS1 -100,100,-450,0.001
570404253 GriewankG1 -600,600,-180,1
125776247 RastriginS1 -5,5,-211,1
658569830 SchwefelS1 -100,100,-310,0.01
1542203602 WeierstrassW1 -0.5,0.5,90,1
1653632593 EllipticE1 -100,100,145,500
889001062 RosenbrockR1 -30,30,390,1
605078551 RastriginR1 -5.12,5.12,-330,1
781221167 SphereS1 -100,100,-450,0.001
867542280 SchwefelS1 -100,100,-310,0.01
2078921801 RastriginS1 -5,5,-211,1
466810811 GriewankG1 -600,600,-180,1
634506299 EllipticE1 -100,100,145,500
1366743275 RastriginR1 -5.12,5.12,-330,1
967282398 SphereS1 -100,100,-450,0.001
1657140399 WeierstrassW1 -0.5,0.5,90,1
1344386662 RastriginS1 -5,5,-211,1
110322809 SchwefelS1 -100,100,-310,0.01
1033312791 RosenbrockR1 -30,30,390,1
23579490 GriewankG1 -600,600,-180,1
321521695 RastriginR1 -5.12,5.12,-330,1
967376019 RosenbrockR1 -30,30,390,1
54871512 WeierstrassW1 -0.5,0.5,90,1
1468885022 EllipticE1 -100,100,145,500
263315833 SchwefelS1 -100,100,-310,0.01
846704007 RastriginS1 -5,5,-211,1
1931604452 SphereS1 -100,100,-450,0.001
1304328404 GriewankG1 -600,600,-180,1
461128151 WeierstrassW1 -0.5,0.5,90,1
1848486768 RosenbrockR1 -30,30,390,1
727167849 RastriginR1 -5.12,5.12,-330,1
1384854287 EllipticE1 -100,100,145,500
2064247106 GriewankG1 -600,600,-180,1
1503347579 SphereS1 -100,100,-450,0.001
1430782712 RastriginS1 -5,5,-211,1
1177396564 SchwefelS1 -100,100,-310,0.01
46857648 SphereS1 -100,100,-450,0.001
604106658 GriewankG1 -600,600,-180,1
559773093 RastriginS1 -5,5,-211,1
606541605 RosenbrockR1 -30,30,390,1
1814070021 SchwefelS1 -100,100,-310,0.01
833397231 RastriginR1 -5.12,5.12,-330,1
1175930229 WeierstrassW1 -0.5,0.5,90,1
1754873923 EllipticE1 -100,100,145,500
567167947 SphereS1 -100,100,-450,0.001
511198805 EllipticE1 -100,100,145,500
1144712540 SchwefelS1 -100,100,-310,0.01
1514664699 WeierstrassW1 -0.5,0.5,90,1
1978276585 RastriginR1 -5.12,5.12,-330,1
1958111551 RastriginS1 -5,5,-211,1
1194452568 GriewankG1 -600,600,-180,1
800716510 RosenbrockR1 -30,30,390,1
1712371677 EllipticE1 -100,100,145,500
377942336 WeierstrassW1 -0.5,0.5,90,1
232131493 SphereS1 -100,100,-450,0.001
228533030 RastriginS1 -5,5,-211,1
390786263 RosenbrockR1 -30,30,390,1
1899909212 GriewankG1 -600,600,-180,1
715358015 SchwefelS1 -100,100,-310,0.01
1395512716 RastriginR1 -5.12,5.12,-330,1
1811841838 RosenbrockR1 -30,30,390,1
1541406481 GriewankG1 -600,600,-180,1
488737260 RastriginS1 -5,5,-211,1
846754231 WeierstrassW1 -0.5,0.5,90,1
632547715 SchwefelS1 -100,100,-310,0.01
825580612 SphereS1 -100,100,-450,0.001
245972956 EllipticE1 -100,100,145,500
109931527 RastriginR1 -5.12,5.12,-330,1
2093430552 RosenbrockR1 -30,30,390,1
340063417 RastriginS1 -5,5,-211,1
308357465 SchwefelS1 -100,100,-310,0.01
1196954814 GriewankG1 -600,600,-180,1
1713206179 WeierstrassW1 -0.5,0.5,90,1
1631460852 SphereS1 -100,100,-450,0.001
663933235 EllipticE1 -100,100,145,500
421430885 RastriginR1 -5.12,5.12,-330,1
2057134952 EllipticE1 -100,100,145,500
1524966407 WeierstrassW1 -0.5,0.5,90,1
485836005 RosenbrockR1 -30,30,390,1
756832390 GriewankG1 -600,600,-180,1
1590637861 RastriginR1 -5.12,5.12,-330,1
533418866 RastriginS1 -5,5,-211,1
849635182 SphereS1 -100,100,-450,0.001
1769686714 SchwefelS1 -100,100,-310,0.01
1094227942 RosenbrockR1 -30,30,390,1
717612898 EllipticE1 -100,100,145,500
586948317 RastriginR1 -5.12,5.12,-330,1
1528741731 SphereS1 -100,100,-450,0.001
1437732470 RastriginS1 -5,5,-211,1
1757327396 WeierstrassW1 -0.5,0.5,90,1
258667031 GriewankG1 -600,600,-180,1
1342632091 SchwefelS1 -100,100,-310,0.01
1762456613 WeierstrassW1 -0.5,0.5,90,1
130678616 GriewankG1 -600,600,-180,1
1052891583 SchwefelS1 -100,100,-310,0.01
2097397222 RastriginS1 -5,5,-211,1
2106596783 RosenbrockR1 -30,30,390,1
902062512 EllipticE1 -100,100,145,500
1611566029 SphereS1 -100,100,-450,0.001
634140683 RastriginR1 -5.12,5.12,-330,1
302401846 SphereS1 -100,100,-450,0.001
2026153783 RastriginS1 -5,5,-211,1
2050142002 SchwefelS1 -100,100,-310,0.01
715016585 GriewankG1 -600,600,-180,1
1883456761 RosenbrockR1 -30,30,390,1
2126942213 EllipticE1 -100,100,145,500
237791139 WeierstrassW1 -0.5,0.5,90,1
1819351103 RastriginR1 -5.12,5.12,-330,1
128654226 EllipticE1 -100,100,145,500
1607234594 GriewankG1 -600,600,-180,1
935426022 SchwefelS1 -100,100,-310,0.01
1370036486 RastriginS1 -5,5,-211,1
1204472262 RastriginR1 -5.12,5.12,-330,1
1199477599 WeierstrassW1 -0.5,0.5,90,1
531141315 RosenbrockR1 -30,30,390,1
7880142 SphereS1 -100,100,-450,0.001
1484104123 SchwefelS1 -100,100,-310,0.01
1991701909 EllipticE1 -100,100,145,500
1720511790 SphereS1 -100,100,-450,0.001
190449427 RastriginS1 -5,5,-211,1
379909661 RastriginR1 -5.12,5.12,-330,1
1081343377 GriewankG1 -600,600,-180,1
784048229 RosenbrockR1 -30,30,390,1
1702665069 WeierstrassW1 -0.5,0.5,90,1
431820686 RosenbrockR1 -30,30,390,1
1926818671 SphereS1 -100,100,-450,0.001
226522302 RastriginR1 -5.12,5.12,-330,1
2058693074 SchwefelS1 -100,100,-310,0.01
1153025613 WeierstrassW1 -0.5,0.5,90,1
1477335624 GriewankG1 -600,600,-180,1
1863031061 RastriginS1 -5,5,-211,1
691175592 EllipticE1 -100,100,145,500
247595144 EllipticE1 -100,100,145,500
1453786661 WeierstrassW1 -0.5,0.5,90,1
861369895 RosenbrockR1 -30,30,390,1
887528448 SphereS1 -100,100,-450,0.001
2081361067 GriewankG1 -600,600,-180,1
1693102452 SchwefelS1 -100,100,-310,0.01
2079534077 RastriginR1 -5.12,5.12,-330,1
1409248650 RastriginS1 -5,5,-211,1
894848283 SchwefelS1 -100,100,-310,0.01
1508643256 RastriginS1 -5,5,-211,1
268959878 SphereS1 -100,100,-450,0.001
755423002 EllipticE1 -100,100,145,500
114011429 WeierstrassW1 -0.5,0.5,90,1
409548449 RastriginR1 -5.12,5.12,-330,1
1286137663 GriewankG1 -600,600,-180,1
669943527 RosenbrockR1 -30,30,390,1
1481188732 RosenbrockR1 -30,30,390,1
311887268 SchwefelS1 -100,100,-310,0.01
141405994 GriewankG1 -600,600,-180,1
1970474358 SphereS1 -100,100,-450,0.001
722890390 RastriginR1 -5.12,5.12,-330,1
793871895 WeierstrassW1 -0.5,0.5,90,1
266809312 RastriginS1 -5,5,-211,1
207102787 EllipticE1 -100,100,145,500
131223051 RastriginS1 -5,5,-211,1
281981813 GriewankG1 -600,600,-180,1
1732028402 SchwefelS1 -100,100,-310,0.01
27635731 RosenbrockR1 -30,30,390,1
723707153 WeierstrassW1 -0.5,0.5,90,1
1035257613 EllipticE1 -100,100,145,500
760881986 SphereS1 -100,100,-450,0.001
1999838813 RastriginR1 -5.12,5.12,-330,1
1073098236 WeierstrassW1 -0.5,0.5,90,1
2091325914 SphereS1 -100,100,-450,0.001
377081449 EllipticE1 -100,100,145,500
1577914787 RastriginS1 -5,5,-211,1
1242174205 SchwefelS1 -100,100,-310,0.01
119381768 RastriginR1 -5.12,5.12,-330,1
629218195 RosenbrockR1 -30,30,390,1
1769298955 GriewankG1 -600,600,-180,1
889930555 WeierstrassW1 -0.5,0.5,90,1
319849767 RastriginS1 -5,5,-211,1
1234907807 EllipticE1 -100,100,145,500
1676195354 RastriginR1 -5.12,5.12,-330,1
1347740061 RosenbrockR1 -30,30,390,1
1675338379 SphereS1 -100,100,-450,0.001
444291857 SchwefelS1 -100,100,-310,0.01
241417421 GriewankG1 -600,600,-180,1
397088942 SphereS1 -100,100,-450,0.001
312658805 SchwefelS1 -100,100,-310,0.01
748317603 WeierstrassW1 -0.5,0.5,90,1
1410043583 EllipticE1 -100,100,145,500
1016886779 GriewankG1 -600,600,-180,1
998477647 RastriginR1 -5.12,5.12,-330,1
1640758416 RastriginS1 -5,5,-211,1
2127346870 RosenbrockR1 -30,30,390,1
421889098 GriewankG1 -600,600,-180,1
242640929 RosenbrockR1 -30,30,390,1
1700501380 SphereS1 -100,100,-450,0.001
168710257 RastriginR1 -5.12,5.12,-330,1
613873595 EllipticE1 -100,100,145,500
1923068998 WeierstrassW1 -0.5,0.5,90,1
1111363498 RastriginS1 -5,5,-211,1
1798740815 SchwefelS1 -100,100,-310,0.01
1908424108 EllipticE1 -100,100,145,500
120386195 SphereS1 -100,100,-450,0.001
1197049880 RastriginS1 -5,5,-211,1
1651549199 RosenbrockR1 -30,30,390,1
72029646 GriewankG1 -600,600,-180,1
455072576 WeierstrassW1 -0.5,0.5,90,1
858210447 SchwefelS1 -100,100,-310,0.01
1286054819 RastriginR1 -5.12,5.12,-330,1
685288498 SchwefelS1 -100,100,-310,0.01
1827477242 GriewankG1 -600,600,-180,1
639267800 RastriginR1 -5.12,5.12,-330,1
400993123 SphereS1 -100,100,-450,0.001
162056276 WeierstrassW1 -0.5,0.5,90,1
562694620 RosenbrockR1 -30,30,390,1
549528254 RastriginS1 -5,5,-211,1
1381945244 EllipticE1 -100,100,145,500
1370818138 RosenbrockR1 -30,30,390,1
529677803 SchwefelS1 -100,100,-310,0.01
498431851 EllipticE1 -100,100,145,500
1113594864 RastriginS1 -5,5,-211,1
533362222 WeierstrassW1 -0.5,0.5,90,1
1232873759 RastriginR1 -5.12,5.12,-330,1
1367110600 SphereS1 -100,100,-450,0.001
1680075436 GriewankG1 -600,600,-180,1
1885371600 SchwefelS1 -100,100,-310,0.01
1627369216 SphereS1 -100,100,-450,0.001
573629617 EllipticE1 -100,100,145,500
1466243848 RosenbrockR1 -30,30,390,1
1674877683 RastriginR1 -5.12,5.12,-330,1
1557000172 GriewankG1 -600,600,-180,1
1820663712 WeierstrassW1 -0.5,0.5,90,1
2061051669 RastriginS1 -5,5,-211,1
1544498919 EllipticE1 -100,100,145,500
298753467 GriewankG1 -600,600,-180,1
870969045 RastriginR1 -5.12,5.12,-330,1
892900344 RosenbrockR1 -30,30,390,1
54179843 RastriginS1 -5,5,-211,1
243653315 SchwefelS1 -100,100,-310,0.01
40434403 SphereS1 -100,100,-450,0.001
1816438230 WeierstrassW1 -0.5,0.5,90,1
1464237763 RastriginS1 -5,5,-211,1
1008159260 SphereS1 -100,100,-450,0.001
1266357945 SchwefelS1 -100,100,-310,0.01
1807404346 GriewankG1 -600,600,-180,1
398244228 RastriginR1 -5.12,5.12,-330,1
61560776 EllipticE1 -100,100,145,500
1356157098 RosenbrockR1 -30,30,390,1
617464512 WeierstrassW1 -0.5,0.5,90,1
445920805 RastriginR1 -5.12,5.12,-330,1
1376978155 RastriginS1 -5,5,-211,1
1094377974 SphereS1 -100,100,-450,0.001
691074003 SchwefelS1 -100,100,-310,0.01
523144935 RosenbrockR1 -30,30,390,1
2038389640 WeierstrassW1 -0.5,0.5,90,1
1487124540 EllipticE1 -100,100,145,500
775805665 GriewankG1 -600,600,-180,1
1850992578 SchwefelS1 -100,100,-310,0.01
166612011 EllipticE1 -100,100,145,500
948850450 RosenbrockR1 -30,30,390,1
1617632329 RastriginR1 -5.12,5.12,-330,1
1541464631 GriewankG1 -600,600,-180,1
1183091952 WeierstrassW1 -0.5,0.5,90,1
19829182 RastriginS1 -5,5,-211,1
514860122 SphereS1 -100,100,-450,0.001
1861275600 GriewankG1 -600,600,-180,1
963838515 RastriginR1 -5.12,5.12,-330,1
1280914570 WeierstrassW1 -0.5,0.5,90,1
715693166 EllipticE1 -100,100,145,500
884338485 SchwefelS1 -100,100,-310,0.01
1149987035 RosenbrockR1 -30,30,390,1
362671358 RastriginS1 -5,5,-211,1
1336471132 SphereS1 -100,100,-450,0.001
21987622 RastriginR1 -5.12,5.12,-330,1
990932945 GriewankG1 -600,600,-180,1
914777473 RastriginS1 -5,5,-211,1
504209793 SphereS1 -100,100,-450,0.001
948002785 EllipticE1 -100,100,145,500
1413986080 WeierstrassW1 -0.5,0.5,90,1
1381397357 SchwefelS1 -100,100,-310,0.01
125853838 RosenbrockR1 -30,30,390,1
1419294427 GriewankG1 -600,600,-180,1
653468030 SphereS1 -100,100,-450,0.001
1081933304 EllipticE1 -100,100,145,500
468897795 RastriginS1 -5,5,-211,1
2124945219 RosenbrockR1 -30,30,390,1
688568069 RastriginR1 -5.12,5.12,-330,1
642541250 WeierstrassW1 -0.5,0.5,90,1
495892231 SchwefelS1 -100,100,-310,0.01
1434844066 SchwefelS1 -100,100,-310,0.01
1787141521 RastriginR1 -5.12,5.12,-330,1
809525601 WeierstrassW1 -0.5,0.5,90,1
1462161788 RastriginS1 -5,5,-211,1
104735977 SphereS1 -100,100,-450,0.001
1075369397 GriewankG1 -600,600,-180,1
147877488 EllipticE1 -100,100,145,500
1785336362 RosenbrockR1 -30,30,390,1
1381997916 SphereS1 -100,100,-450,0.001
1463202608 EllipticE1 -100,100,145,500
382110028 SchwefelS1 -100,100,-310,0.01
916686061 GriewankG1 -600,600,-180,1
220257218 RastriginR1 -5.12,5.12,-330,1
820462947 WeierstrassW1 -0.5,0.5,90,1
999536093 RosenbrockR1 -30,30,390,1
1506187040 RastriginS1 -5,5,-211,1
1582689468 RosenbrockR1 -30,30,390,1
1241705006 GriewankG1 -600,600,-180,1
817452363 SphereS1 -100,100,-450,0.001
238483266 SchwefelS1 -100,100,-310,0.01
446611906 RastriginS1 -5,5,-211,1
1225735580 WeierstrassW1 -0.5,0.5,90,1
394327256 RastriginR1 -5.12,5.12,-330,1
857698853 EllipticE1 -100,100,145,500
1536245427 GriewankG1 -600,600,-180,1
1096874827 RastriginS1 -5,5,-211,1
1251373182 RastriginR1 -5.12,5.12,-330,1
1327406365 EllipticE1 -100,100,145,500
1484470599 RosenbrockR1 -30,30,390,1
240232168 SchwefelS1 -100,100,-310,0.01
361074878 SphereS1 -100,100,-450,0.001
1722777670 WeierstrassW1 -0.5,0.5,90,1
1532572597 RastriginR1 -5.12,5.12,-330,1
638487248 RosenbrockR1 -30,30,390,1
1864344956 SchwefelS1 -100,100,-310,0.01
271306600 RastriginS1 -5,5,-211,1
1014995253 WeierstrassW1 -0.5,0.5,90,1
1108918540 SphereS1 -100,100,-450,0.001
1867581158 GriewankG1 -600,600,-180,1
1572808344 EllipticE1 -100,100,145,500
1795442703 RastriginS1 -5,5,-211,1
784087533 GriewankG1 -600,600,-180,1
2135917465 WeierstrassW1 -0.5,0.5,90,1
1597047913 RastriginR1 -5.12,5.12,-330,1
1607262864 RosenbrockR1 -30,30,390,1
370278522 SchwefelS1 -100,100,-310,0.01
1232185240 EllipticE1 -100,100,145,500
1531518393 SphereS1 -100,100,-450,0.001
885822585 SchwefelS1 -100,100,-310,0.01
602214799 WeierstrassW1 -0.5,0.5,90,1
2009856990 RastriginR1 -5.12,5.12,-330,1
66895288 GriewankG1 -600,600,-180,1
499269722 RosenbrockR1 -30,30,390,1
903364117 RastriginS1 -5,5,-211,1
471522715 SphereS1 -100,100,-450,0.001
335674952 EllipticE1 -100,100,145,500
40821194 GriewankG1 -600,600,-180,1
1609537493 RastriginS1 -5,5,-211,1
1871348191 EllipticE1 -100,100,145,500
1984670381 SchwefelS1 -100,100,-310,0.01
63922156 SphereS1 -100,100,-450,0.001
1382129345 RastriginR1 -5.12,5.12,-330,1
1093452346 WeierstrassW1 -0.5,0.5,90,1
291292084 RosenbrockR1 -30,30,390,1
1453895935 EllipticE1 -100,100,145,500
1098839183 SphereS1 -100,100,-450,0.001
536624346 RastriginR1 -5.12,5.12,-330,1
1196090536 GriewankG1 -600,600,-180,1
1805541860 RastriginS1 -5,5,-211,1
1818386148 WeierstrassW1 -0.5,0.5,90,1
1421891439 RosenbrockR1 -30,30,390,1
1553562856 SchwefelS1 -100,100,-310,0.01
420647638 RastriginS1 -5,5,-211,1
937843553 SphereS1 -100,100,-450,0.001
619735592 WeierstrassW1 -0.5,0.5,90,1
1081154343 RastriginR1 -5.12,5.12,-330,1
1848205354 RosenbrockR1 -30,30,390,1
954195561 GriewankG1 -600,600,-180,1
537745319 SchwefelS1 -100,100,-310,0.01
905044409 EllipticE1 -100,100,145,500
403173000 RastriginR1 -5.12,5.12,-330,1
2028081556 RastriginS1 -5,5,-211,1
137876801 SchwefelS1 -100,100,-310,0.01
848417001 RosenbrockR1 -30,30,390,1
1781825417 WeierstrassW1 -0.5,0.5,90,1
535688437 EllipticE1 -100,100,145,500
3050294 SphereS1 -100,100,-450,0.001
866676081 GriewankG1 -600,600,-180,1
1504602991 RastriginR1 -5.12,5.12,-330,1
1293463778 RastriginS1 -5,5,-211,1
1930157429 SphereS1 -100,100,-450,0.001
1004289460 EllipticE1 -100,100,145,500
248481428 GriewankG1 -600,600,-180,1
96653055 RosenbrockR1 -30,30,390,1
937828554 WeierstrassW1 -0.5,0.5,90,1
108279426 SchwefelS1 -100,100,-310,0.01
633009438 SphereS1 -100,100,-450,0.001
1157055596 SchwefelS1 -100,100,-310,0.01
1258429105 EllipticE1 -100,100,145,500
1575023082 RastriginS1 -5,5,-211,1
37603653 RastriginR1 -5.12,5.12,-330,1
91287091 GriewankG1 -600,600,-180,1
846636106 RosenbrockR1 -30,30,390,1
1546095794 WeierstrassW1 -0.5,0.5,90,1
1391771764 GriewankG1 -600,600,-180,1
2056655049 RastriginS1 -5,5,-211,1
1588064043 SchwefelS1 -100,100,-310,0.01
586648323 RosenbrockR1 -30,30,390,1
1570317347 WeierstrassW1 -0.5,0.5,90,1
1033042209 RastriginR1 -5.12,5.12,-330,1
1458883670 EllipticE1 -100,100,145,500
1251077276 SphereS1 -100,100,-450,0.001
1158240713 EllipticE1 -100,100,145,500
715682259 SchwefelS1 -100,100,-310,0.01
1335844488 RastriginR1 -5.12,5.12,-330,1
341002754 WeierstrassW1 -0.5,0.5,90,1
219833482 RosenbrockR1 -30,30,390,1
1975428375 GriewankG1 -600,600,-180,1
782067532 SphereS1 -100,100,-450,0.001
392923493 RastriginS1 -5,5,-211,1
856169763 WeierstrassW1 -0.5,0.5,90,1
1777652679 SphereS1 -100,100,-450,0.001
186608621 RastriginR1 -5.12,5.12,-330,1
1571192681 EllipticE1 -100,100,145,500
1871807672 SchwefelS1 -100,100,-310,0.01
1850168286 GriewankG1 -600,600,-180,1
1945126031 RastriginS1 -5,5,-211,1
507843679 RosenbrockR1 -30,30,390,1
991923690 RosenbrockR1 -30,30,390,1
78773688 SphereS1 -100,100,-450,0.001
1800762384 SchwefelS1 -100,100,-310,0.01
2007993747 WeierstrassW1 -0.5,0.5,90,1
877325145 GriewankG1 -600,600,-180,1
1073957184 RastriginS1 -5,5,-211,1
1592059959 EllipticE1 -100,100,145,500
1056661497 RastriginR1 -5.12,5.12,-330,1
1509806639 WeierstrassW1 -0.5,0.5,90,1
413512240 SchwefelS1 -100,100,-310,0.01
1669774056 GriewankG1 -600,600,-180,1
1359271096 SphereS1 -100,100,-450,0.001
589917866 RosenbrockR1 -30,30,390,1
1747086065 RastriginR1 -5.12,5.12,-330,1
2049248020 RastriginS1 -5,5,-211,1
1715879321 EllipticE1 -100,100,145,500
360395140 GriewankG1 -600,600,-180,1
850171956 RastriginS1 -5,5,-211,1
1326246841 RosenbrockR1 -30,30,390,1
274438533 SchwefelS1 -100,100,-310,0.01
828694243 WeierstrassW1 -0.5,0.5,90,1
808226902 SphereS1 -100,100,-450,0.001
1718514659 RastriginR1 -5.12,5.12,-330,1
114067281 EllipticE1 -100,100,145,500
1849590904 SphereS1 -100,100,-450,0.001
475347305 EllipticE1 -100,100,145,500
1497755071 SchwefelS1 -100,100,-310,0.01
1960888498 RosenbrockR1 -30,30,390,1
1327730225 GriewankG1 -600,600,-180,1
1568654333 WeierstrassW1 -0.5,0.5,90,1
1022481837 RastriginR1 -5.12,5.12,-330,1
660657892 RastriginS1 -5,5,-211,1
727609755 SphereS1 -100,100,-450,0.001
1521425260 EllipticE1 -100,100,145,500
2004544822 RastriginR1 -5.12,5.12,-330,1
1748429266 RastriginS1 -5,5,-211,1
974494677 WeierstrassW1 -0.5,0.5,90,1
1193917374 SchwefelS1 -100,100,-310,0.01
979226183 RosenbrockR1 -30,30,390,1
1194286419 GriewankG1 -600,600,-180,1
665185034 SphereS1 -100,100,-450,0.001
34512005 EllipticE1 -100,100,145,500
156940090 RastriginR1 -5.12,5.12,-330,1
1595265246 WeierstrassW1 -0.5,0.5,90,1
1006232793 RastriginS1 -5,5,-211,1
1248278819 GriewankG1 -600,600,-180,1
1834836524 SchwefelS1 -100,100,-310,0.01
2134393174 RosenbrockR1 -30,30,390,1
1198352481 GriewankG1 -600,600,-180,1
2032102856 WeierstrassW1 -0.5,0.5,90,1
1454416622 RosenbrockR1 -30,30,390,1
747770026 SphereS1 -100,100,-450,0.001
1247164676 RastriginS1 -5,5,-211,1
1540984060 RastriginR1 -5.12,5.12,-330,1
1442918080 EllipticE1 -100,100,145,500
1232054028 SchwefelS1 -100,100,-310,0.01
438042705 EllipticE1 -100,100,145,500
1486640205 SphereS1 -100,100,-450,0.001
1809132483 RastriginR1 -5.12,5.12,-330,1
2019182355 SchwefelS1 -100,100,-310,0.01
1911712709 RosenbrockR1 -30,30,390,1
734517833 WeierstrassW1 -0.5,0.5,90,1
1184223558 RastriginS1 -5,5,-211,1
282411418 GriewankG1 -600,600,-180,1
128683419 WeierstrassW1 -0.5,0.5,90,1
195931024 SchwefelS1 -100,100,-310,0.01
342237566 RastriginS1 -5,5,-211,1
1210631219 RastriginR1 -5.12,5.12,-330,1
836794434 SphereS1 -100,100,-450,0.001
1731591130 EllipticE1 -100,100,145,500
1792175142 GriewankG1 -600,600,-180,1
1668297831 RosenbrockR1 -30,30,390,1
898377413 EllipticE1 -100,100,145,500
1802871536 SchwefelS1 -100,100,-310,0.01
1661627812 RastriginS1 -5,5,-211,1
115030576 SphereS1 -100,100,-450,0.001
734686314 RastriginR1 -5.12,5.12,-330,1
237704279 WeierstrassW1 -0.5,0.5,90,1
1523576395 RosenbrockR1 -30,30,390,1
1712669207 GriewankG1 -600,600,-180,1
634993262 GriewankG1 -600,600,-180,1
1116266989 RosenbrockR1 -30,30,390,1
731122887 EllipticE1 -100,100,145,500
296855401 RastriginR1 -5.12,5.12,-330,1
371381150 RastriginS1 -5,5,-211,1
1721347248 SchwefelS1 -100,100,-310,0.01
272629612 WeierstrassW1 -0.5,0.5,90,1
1262227727 SphereS1 -100,100,-450,0.001
263683456 GriewankG1 -600,600,-180,1
1974406657 SchwefelS1 -100,100,-310,0.01
616964888 WeierstrassW1 -0.5,0.5,90,1
912029997 EllipticE1 -100,100,145,500
535899546 RastriginS1 -5,5,-211,1
8766357 RastriginR1 -5.12,5.12,-330,1
903602870 SphereS1 -100,100,-450,0.001
756539301 RosenbrockR1 -30,30,390,1
1000607979 SchwefelS1 -100,100,-310,0.01
1249744277 RastriginR1 -5.12,5.12,-330,1
1050906505 SphereS1 -100,100,-450,0.001
1718993323 GriewankG1 -600,600,-180,1
1602368702 WeierstrassW1 -0.5,0.5,90,1
266675132 RastriginS1 -5,5,-211,1
108264625 EllipticE1 -100,100,145,500
1692670845 RosenbrockR1 -30,30,390,1
180878713 GriewankG1 -600,600,-180,1
119620595 WeierstrassW1 -0.5,0.5,90,1
610931978 SchwefelS1 -100,100,-310,0.01
85707339 RastriginS1 -5,5,-211,1
733832257 RosenbrockR1 -30,30,390,1
1290652045 EllipticE1 -100,100,145,500
1391045053 RastriginR1 -5.12,5.12,-330,1
1042556190 SphereS1 -100,100,-450,0.001
754544592 WeierstrassW1 -0.5,0.5,90,1
321444829 RastriginR1 -5.12,5.12,-330,1
1519516423 SphereS1 -100,100,-450,0.001
224300972 EllipticE1 -100,100,145,500
1649388838 RosenbrockR1 -30,30,390,1
1108819320 SchwefelS1 -100,100,-310,0.01
1278771136 GriewankG1 -600,600,-180,1
686229930 RastriginS1 -5,5,-211,1
1274522005 SphereS1 -100,100,-450,0.001
940325178 GriewankG1 -600,600,-180,1
366786272 SchwefelS1 -100,100,-310,0.01
580992328 RastriginS1 -5,5,-211,1
1548429640 RastriginR1 -5.12,5.12,-330,1
928545090 WeierstrassW1 -0.5,0.5,90,1
1258210622 EllipticE1 -100,100,145,500
123930247 RosenbrockR1 -30,30,390,1
1775774260 RastriginS1 -5,5,-211,1
1773526283 EllipticE1 -100,100,145,500
501375891 RosenbrockR1 -30,30,390,1
1545351779 RastriginR1 -5.12,5.12,-330,1
42702803 WeierstrassW1 -0.5,0.5,90,1
341879033 GriewankG1 -600,600,-180,1
840548349 SphereS1 -100,100,-450,0.001
1176128324 SchwefelS1 -100,100,-310,0.01
650322891 RastriginR1 -5.12,5.12,-330,1
19625575 SphereS1 -100,100,-450,0.001
871283467 RosenbrockR1 -30,30,390,1
762244524 SchwefelS1 -100,100,-310,0.01
2094919885 GriewankG1 -600,600,-180,1
1403745261 EllipticE1 -100,100,145,500
305446920 WeierstrassW1 -0.5,0.5,90,1
1503607142 RastriginS1 -5,5,-211,1
1019511530 GriewankG1 -600,600,-180,1
720092341 SphereS1 -100,100,-450,0.001
449017628 RosenbrockR1 -30,30,390,1
1317499432 WeierstrassW1 -0.5,0.5,90,1
346719353 SchwefelS1 -100,100,-310,0.01
1632764400 RastriginR1 -5.12,5.12,-330,1
1516491113 RastriginS1 -5,5,-211,1
1150228534 EllipticE1 -100,100,145,500
116273576 GriewankG1 -600,600,-180,1
458375831 RastriginR1 -5.12,5.12,-330,1
1931781054 RosenbrockR1 -30,30,390,1
1668235424 RastriginS1 -5,5,-211,1
1262666667 SphereS1 -100,100,-450,0.001
377620682 SchwefelS1 -100,100,-310,0.01
2105383199 EllipticE1 -100,100,145,500
142293566 WeierstrassW1 -0.5,0.5,90,1
274544633 EllipticE1 -100,100,145,500
906823363 RosenbrockR1 -30,30,390,1
711234785 RastriginS1 -5,5,-211,1
1530987268 SphereS1 -100,100,-450,0.001
643973911 GriewankG1 -600,600,-180,1
659090159 WeierstrassW1 -0.5,0.5,90,1
55052076 SchwefelS1 -100,100,-310,0.01
1176599574 RastriginR1 -5.12,5.12,-330,1
1537805801 RosenbrockR1 -30,30,390,1
217673319 SphereS1 -100,100,-450,0.001
1130799641 SchwefelS1 -100,100,-310,0.01
1935005375 WeierstrassW1 -0.5,0.5,90,1
12240663 RastriginS1 -5,5,-211,1
1655277856 EllipticE1 -100,100,145,500
1519580335 RastriginR1 -5.12,5.12,-330,1
1517153368 GriewankG1 -600,600,-180,1
1661031861 RosenbrockR1 -30,30,390,1
1423436883 EllipticE1 -100,100,145,500
1567080194 SchwefelS1 -100,100,-310,0.01
1667183293 RastriginR1 -5.12,5.12,-330,1
986322856 GriewankG1 -600,600,-180,1
993381338 SphereS1 -100,100,-450,0.001
1217680024 RastriginS1 -5,5,-211,1
1976421194 WeierstrassW1 -0.5,0.5,90,1
978760220 RastriginS1 -5,5,-211,1
434173692 SchwefelS1 -100,100,-310,0.01
167863747 EllipticE1 -100,100,145,500
214153743 WeierstrassW1 -0.5,0.5,90,1
427558250 GriewankG1 -600,600,-180,1
1797900341 SphereS1 -100,100,-450,0.001
1850518928 RosenbrockR1 -30,30,390,1
1412081046 RastriginR1 -5.12,5.12,-330,1
472333406 SphereS1 -100,100,-450,0.001
91643656 RastriginR1 -5.12,5.12,-330,1
1952864888 RosenbrockR1 -30,30,390,1
1855418961 EllipticE1 -100,100,145,500
1141773822 RastriginS1 -5,5,-211,1
1769346366 WeierstrassW1 -0.5,0.5,90,1
1397090984 GriewankG1 -600,600,-180,1
864595478 SchwefelS1 -100,100,-310,0.01
435651896 RastriginS1 -5,5,-211,1
255514967 RosenbrockR1 -30,30,390,1
1377770864 RastriginR1 -5.12,5.12,-330,1
1764167458 SphereS1 -100,100,-450,0.001
1925619706 WeierstrassW1 -0.5,0.5,90,1
554479407 SchwefelS1 -100,100,-310,0.01
586020535 GriewankG1 -600,600,-180,1
737023881 EllipticE1 -100,100,145,500
1522592728 SchwefelS1 -100,100,-310,0.01
884253600 RastriginS1 -5,5,-211,1
739035576 WeierstrassW1 -0.5,0.5,90,1
1124852382 EllipticE1 -100,100,145,500
1130141699 GriewankG1 -600,600,-180,1
1532106501 SphereS1 -100,100,-450,0.001
2005647794 RosenbrockR1 -30,30,390,1
1531133234 RastriginR1 -5.12,5.12,-330,1
238022974 EllipticE1 -100,100,145,500
1841042659 RastriginR1 -5.12,5.12,-330,1
738337504 WeierstrassW1 -0.5,0.5,90,1
38035909 SphereS1 -100,100,-450,0.001
1527284759 RosenbrockR1 -30,30,390,1
1742116857 GriewankG1 -600,600,-180,1
2071966562 RastriginS1 -5,5,-211,1
1541654192 SchwefelS1 -100,100,-310,0.01
2095998715 GriewankG1 -600,600,-180,1
2034825915 SphereS1 -100,100,-450,0.001
525791641 RastriginS1 -5,5,-211,1
380258445 EllipticE1 -100,100,145,500
1024126270 RastriginR1 -5.12,5.12,-330,1
114511755 WeierstrassW1 -0.5,0.5,90,1
982578744 SchwefelS1 -100,100,-310,0.01
1538634602 RosenbrockR1 -30,30,390,1
764959320 EllipticE1 -100,100,145,500
1405381658 RosenbrockR1 -30,30,390,1
14143774 SchwefelS1 -100,100,-310,0.01
667008361 SphereS1 -100,100,-450,0.001
1482004227 RastriginR1 -5.12,5.12,-330,1
783402390 RastriginS1 -5,5,-211,1
1548427991 GriewankG1 -600,600,-180,1
1379614285 WeierstrassW1 -0.5,0.5,90,1
1700336498 RastriginR1 -5.12,5.12,-330,1
747610297 RastriginS1 -5,5,-211,1
1624952358 RosenbrockR1 -30,30,390,1
1133431507 WeierstrassW1 -0.5,0.5,90,1
1665856423 SphereS1 -100,100,-450,0.001
1799316706 SchwefelS1 -100,100,-310,0.01
1283512862 GriewankG1 -600,600,-180,1
1490692522 EllipticE1 -100,100,145,500
685779281 EllipticE1 -100,100,145,500
1077628388 GriewankG1 -600,600,-180,1
2046946563 RastriginS1 -5,5,-211,1
914630367 RastriginR1 -5.12,5.12,-330,1
736928119 RosenbrockR1 -30,30,390,1
281944747 SchwefelS1 -100,100,-310,0.01
990584293 SphereS1 -100,100,-450,0.001
1508741433 WeierstrassW1 -0.5,0.5,90,1
2057229460 SphereS1 -100,100,-450,0.001
1900770625 EllipticE1 -100,100,145,500
1539406021 WeierstrassW1 -0.5,0.5,90,1
1767460976 RosenbrockR1 -30,30,390,1
192125027 GriewankG1 -600,600,-180,1
1045330829 RastriginR1 -5.12,5.12,-330,1
2038554856 RastriginS1 -5,5,-211,1
369851451 SchwefelS1 -100,100,-310,0.01
523126055 EllipticE1 -100,100,145,500
809486703 RastriginS1 -5,5,-211,1
805077989 SphereS1 -100,100,-450,0.001
1436507708 WeierstrassW1 -0.5,0.5,90,1
910762933 RosenbrockR1 -30,30,390,1
233807749 RastriginR1 -5.12,5.12,-330,1
667894719 SchwefelS1 -100,100,-310,0.01
133270989 GriewankG1 -600,600,-180,1
24874681 WeierstrassW1 -0.5,0.5,90,1
1488375057 SphereS1 -100,100,-450,0.001
1249730664 SchwefelS1 -100,100,-310,0.01
1554524870 RosenbrockR1 -30,30,390,1
95547233 EllipticE1 -100,100,145,500
342721467 GriewankG1 -600,600,-180,1
139815101 RastriginR1 -5.12,5.12,-330,1
923484732 RastriginS1 -5,5,-211,1
319100694 EllipticE1 -100,100,145,500
629315583 SchwefelS1 -100,100,-310,0.01
401233009 WeierstrassW1 -0.5,0.5,90,1
1480356243 RastriginS1 -5,5,-211,1
1677639813 SphereS1 -100,100,-450,0.001
1407778861 GriewankG1 -600,600,-180,1
1298932012 RastriginR1 -5.12,5.12,-330,1
824268040 RosenbrockR1 -30,30,390,1
309169162 RosenbrockR1 -30,30,390,1
744489083 SphereS1 -100,100,-450,0.001
1973922513 SchwefelS1 -100,100,-310,0.01
375814297 WeierstrassW1 -0.5,0.5,90,1
214257614 EllipticE1 -100,100,145,500
282433870 RastriginR1 -5.12,5.12,-330,1
1931953188 RastriginS1 -5,5,-211,1
1161472417 GriewankG1 -600,600,-180,1
721839724 SchwefelS1 -100,100,-310,0.01
506710800 GriewankG1 -600,600,-180,1
1621740987 RastriginR1 -5.12,5.12,-330,1
106443543 RastriginS1 -5,5,-211,1
625956613 SphereS1 -100,100,-450,0.001
1059415499 EllipticE1 -100,100,145,500
51763627 RosenbrockR1 -30,30,390,1
778922024 WeierstrassW1 -0.5,0.5,90,1
261360285 WeierstrassW1 -0.5,0.5,90,1
1989425472 RastriginR1 -5.12,5.12,-330,1
1907458679 SchwefelS1 -100,100,-310,0.01
1217758602 EllipticE1 -100,100,145,500
1120669127 SphereS1 -100,100,-450,0.001
2077973787 GriewankG1 -600,600,-180,1
1170885642 RosenbrockR1 -30,30,390,1
2112039439 RastriginS1 -5,5,-211,1
738977307 SphereS1 -100,100,-450,0.001
766986763 WeierstrassW1 -0.5,0.5,90,1
546089785 RastriginS1 -5,5,-211,1
1376792364 SchwefelS1 -100,100,-310,0.01
244472040 GriewankG1 -600,600,-180,1
2121625536 EllipticE1 -100,100,145,500
1619530878 RastriginR1 -5.12,5.12,-330,1
1036720219 RosenbrockR1 -30,30,390,1
51893271 GriewankG1 -600,600,-180,1
640613809 SphereS1 -100,100,-450,0.001
616324613 WeierstrassW1 -0.5,0.5,90,1
1716164687 RastriginR1 -5.12,5.12,-330,1
191645043 EllipticE1 -100,100,145,500
1824463346 RastriginS1 -5,5,-211,1
1436832101 RosenbrockR1 -30,30,390,1
809515967 SchwefelS1 -100,100,-310,0.01
1574045212 RosenbrockR1 -30,30,390,1
340641728 SphereS1 -100,100,-450,0.001
1322175166 RastriginR1 -5.12,5.12,-330,1
1438732563 GriewankG1 -600,600,-180,1
1837384385 WeierstrassW1 -0.5,0.5,90,1
499908728 EllipticE1 -100,100,145,500
1051229933 RastriginS1 -5,5,-211,1
1192323350 SchwefelS1 -100,100,-310,0.01
168328686 GriewankG1 -600,600,-180,1
1635346505 SphereS1 -100,100,-450,0.001
284121276 SchwefelS1 -100,100,-310,0.01
1118110956 RosenbrockR1 -30,30,390,1
2105416540 RastriginR1 -5.12,5.12,-330,1
542756865 RastriginS1 -5,5,-211,1
623047950 EllipticE1 -100,100,145,500
1488076152 WeierstrassW1 -0.5,0.5,90,1
1045444234 RastriginS1 -5,5,-211,1
1100581010 SphereS1 -100,100,-450,0.001
1161491065 EllipticE1 -100,100,145,500
205102453 RastriginR1 -5.12,5.12,-330,1
877308772 GriewankG1 -600,600,-180,1
1815956258 WeierstrassW1 -0.5,0.5,90,1
1016812219 RosenbrockR1 -30,30,390,1
1656259615 SchwefelS1 -100,100,-310,0.01
1593558084 RastriginS1 -5,5,-211,1
717795726 EllipticE1 -100,100,145,500
1475289113 RosenbrockR1 -30,30,390,1
1040391124 GriewankG1 -600,600,-180,1
1242735010 WeierstrassW1 -0.5,0.5,90,1
645593546 SchwefelS1 -100,100,-310,0.01
1380249583 SphereS1 -100,100,-450,0.001
1578572490 RastriginR1 -5.12,5.12,-330,1
166532585 SchwefelS1 -100,100,-310,0.01
1575565186 WeierstrassW1 -0.5,0.5,90,1
495507542 SphereS1 -100,100,-450,0.001
494953359 RastriginR1 -5.12,5.12,-330,1
1547240032 RastriginS1 -5,5,-211,1
1872511707 GriewankG1 -600,600,-180,1
1766030368 EllipticE1 -100,100,145,500
160930438 RosenbrockR1 -30,30,390,1
855896085 RastriginR1 -5.12,5.12,-330,1
1258060565 RastriginS1 -5,5,-211,1
948180920 EllipticE1 -100,100,145,500
958446883 WeierstrassW1 -0.5,0.5,90,1
1902242320 RosenbrockR1 -30,30,390,1
2025017337 SchwefelS1 -100,100,-310,0.01
1289489309 SphereS1 -100,100,-450,0.001
255204394 GriewankG1 -600,600,-180,1
319233674 SchwefelS1 -100,100,-310,0.01
458284834 RosenbrockR1 -30,30,390,1
1809699739 EllipticE1 -100,100,145,500
12183509 SphereS1 -100,100,-450,0.001
1379482334 RastriginS1 -5,5,-211,1
645771586 GriewankG1 -600,600,-180,1
1818877472 RastriginR1 -5.12,5.12,-330,1
2046822379 WeierstrassW1 -0.5,0.5,90,1
1388716846 WeierstrassW1 -0.5,0.5,90,1
1090889907 RastriginR1 -5.12,5.12,-330,1
1594808789 SchwefelS1 -100,100,-310,0.01
1665852912 RastriginS1 -5,5,-211,1
1818139223 EllipticE1 -100,100,145,500
1918068724 RosenbrockR1 -30,30,390,1
494149210 GriewankG1 -600,600,-180,1
398958199 SphereS1 -100,100,-450,0.001
193063627 SphereS1 -100,100,-450,0.001
60088646 RosenbrockR1 -30,30,390,1
595556114 EllipticE1 -100,100,145,500
28523098 SchwefelS1 -100,100,-310,0.01
96130707 WeierstrassW1 -0.5,0.5,90,1
2852515 RastriginR1 -5.12,5.12,-330,1
277886019 RastriginS1 -5,5,-211,1
791415736 GriewankG1 -600,600,-180,1
928930481 GriewankG1 -600,600,-180,1
705349122 RosenbrockR1 -30,30,390,1
1523453141 RastriginS1 -5,5,-211,1
1608186841 SchwefelS1 -100,100,-310,0.01
1964539231 SphereS1 -100,100,-450,0.001
2039001862 EllipticE1 -100,100,145,500
282717538 WeierstrassW1 -0.5,0.5,90,1
361036285 RastriginR1 -5.12,5.12,-330,1
1484931874 RosenbrockR1 -30,30,390,1
2128787070 GriewankG1 -600,600,-180,1
783713522 RastriginR1 -5.12,5.12,-330,1
1273707123 RastriginS1 -5,5,-211,1
866463225 EllipticE1 -100,100,145,500
101782307 SphereS1 -100,100,-450,0.001
98213455 WeierstrassW1 -0.5,0.5,90,1
852546000 SchwefelS1 -100,100,-310,0.01
1328684838 WeierstrassW1 -0.5,0.5,90,1
1477204204 EllipticE1 -100,100,145,500
39250578 SchwefelS1 -100,100,-310,0.01
1959269362 RastriginS1 -5,5,-211,1
1734262543 RosenbrockR1 -30,30,390,1
676753078 RastriginR1 -5.12,5.12,-330,1
351321622 GriewankG1 -600,600,-180,1
78321391 SphereS1 -100,100,-450,0.001
1175021638 WeierstrassW1 -0.5,0.5,90,1
747738615 SchwefelS1 -100,100,-310,0.01
1438442260 GriewankG1 -600,600,-180,1
1767271647 EllipticE1 -100,100,145,500
752132609 SphereS1 -100,100,-450,0.001
1996825083 RastriginS1 -5,5,-211,1
2120277653 RosenbrockR1 -30,30,390,1
997659960 RastriginR1 -5.12,5.12,-330,1
698579957 SchwefelS1 -100,100,-310,0.01
505235101 GriewankG1 -600,600,-180,1
73276388 RastriginR1 -5.12,5.12,-330,1
1870305279 RastriginS1 -5,5,-211,1
1714283981 WeierstrassW1 -0.5,0.5,90,1
1099200954 EllipticE1 -100,100,145,500
1403626369 RosenbrockR1 -30,30,390,1
1659895893 SphereS1 -100,100,-450,0.001
732292709 SphereS1 -100,100,-450,0.001
1627549751 EllipticE1 -100,100,145,500
1904205884 RastriginS1 -5,5,-211,1
1277803059 RosenbrockR1 -30,30,390,1
1812962454 WeierstrassW1 -0.5,0.5,90,1
937136880 SchwefelS1 -100,100,-310,0.01
1839664026 RastriginR1 -5.12,5.12,-330,1
655988725 GriewankG1 -600,600,-180,1
1580352853 SphereS1 -100,100,-450,0.001
2140548702 GriewankG1 -600,600,-180,1
256982928 EllipticE1 -100,100,145,500
1522183657 WeierstrassW1 -0.5,0.5,90,1
1065957770 SchwefelS1 -100,100,-310,0.01
838005432 RastriginS1 -5,5,-211,1
1498236169 RosenbrockR1 -30,30,390,1
1933501235 RastriginR1 -5.12,5.12,-330,1
584127606 EllipticE1 -100,100,145,500
542527098 WeierstrassW1 -0.5,0.5,90,1
1295527554 RastriginS1 -5,5,-211,1
1869242182 SphereS1 -100,100,-450,0.001
947735594 RosenbrockR1 -30,30,390,1
995797085 GriewankG1 -600,600,-180,1
58138198 RastriginR1 -5.12,5.12,-330,1
2010664864 SchwefelS1 -100,100,-310,0.01
1920808118 RosenbrockR1 -30,30,390,1
1923461859 SchwefelS1 -100,100,-310,0.01
139280370 RastriginS1 -5,5,-211,1
1714681392 SphereS1 -100,100,-450,0.001
1256038214 EllipticE1 -100,100,145,500
1548306604 RastriginR1 -5.12,5.12,-330,1
25801645 GriewankG1 -600,600,-180,1
1177274332 WeierstrassW1 -0.5,0.5,90,1
94259508 EllipticE1 -100,100,145,500
2017949169 SchwefelS1 -100,100,-310,0.01
1986221652 WeierstrassW1 -0.5,0.5,90,1
433965232 RastriginR1 -5.12,5.12,-330,1
2091674324 SphereS1 -100,100,-450,0.001
1083105364 GriewankG1 -600,600,-180,1
1632203937 RosenbrockR1 -30,30,390,1
676060895 RastriginS1 -5,5,-211,1
902398507 EllipticE1 -100,100,145,500
779981643 GriewankG1 -600,600,-180,1
3191980 RastriginS1 -5,5,-211,1
1611736598 SphereS1 -100,100,-450,0.001
481472802 SchwefelS1 -100,100,-310,0.01
280279832 WeierstrassW1 -0.5,0.5,90,1
1565178549 RastriginR1 -5.12,5.12,-330,1
1006198149 RosenbrockR1 -30,30,390,1
1935763625 RastriginS1 -5,5,-211,1
1440114847 EllipticE1 -100,100,145,500
950819949 SchwefelS1 -100,100,-310,0.01
608482298 SphereS1 -100,100,-450,0.001
804099777 GriewankG1 -600,600,-180,1
1444449401 RosenbrockR1 -30,30,390,1
1037550605 RastriginR1 -5.12,5.12,-330,1
1095122678 WeierstrassW1 -0.5,0.5,90,1
239687659 WeierstrassW1 -0.5,0.5,90,1
1227430002 SchwefelS1 -100,100,-310,0.01
818224417 RastriginR1 -5.12,5.12,-330,1
280378772 EllipticE1 -100,100,145,500
1999776581 SphereS1 -100,100,-450,0.001
1455504648 RosenbrockR1 -30,30,390,1
792793751 RastriginS1 -5,5,-211,1
392889150 GriewankG1 -600,600,-180,1
1841466753 RosenbrockR1 -30,30,390,1
162981714 RastriginR1 -5.12,5.12,-330,1
1290017860 SphereS1 -100,100,-450,0.001
1898598492 WeierstrassW1 -0.5,0.5,90,1
955327014 GriewankG1 -600,600,-180,1
1902717457 SchwefelS1 -100,100,-310,0.01
1862580195 EllipticE1 -100,100,145,500
23981295 RastriginS1 -5,5,-211,1
397655542 RastriginS1 -5,5,-211,1
161086833 GriewankG1 -600,600,-180,1
515270386 SphereS1 -100,100,-450,0.001
1028860344 SchwefelS1 -100,100,-310,0.01
412591424 WeierstrassW1 -0.5,0.5,90,1
331972859 EllipticE1 -100,100,145,500
1941987788 RastriginR1 -5.12,5.12,-330,1
1757300508 RosenbrockR1 -30,30,390,1
1114182008 RosenbrockR1 -30,30,390,1
532405861 WeierstrassW1 -0.5,0.5,90,1
107781928 GriewankG1 -600,600,-180,1
2030920454 RastriginR1 -5.12,5.12,-330,1
2016316214 RastriginS1 -5,5,-211,1
1164570057 EllipticE1 -100,100,145,500
1984453188 SchwefelS1 -100,100,-310,0.01
1751342508 SphereS1 -100,100,-450,0.001
673354897 EllipticE1 -100,100,145,500
833863492 GriewankG1 -600,600,-180,1
462588653 RosenbrockR1 -30,30,390,1
797776166 RastriginR1 -5.12,5.12,-330,1
1746314756 SphereS1 -100,100,-450,0.001
720932832 WeierstrassW1 -0.5,0.5,90,1
1503797759 SchwefelS1 -100,100,-310,0.01
1175178759 RastriginS1 -5,5,-211,1
1043842236 EllipticE1 -100,100,145,500
288222804 WeierstrassW1 -0.5,0.5,90,1
1441900506 GriewankG1 -600,600,-180,1
1071065266 SphereS1 -100,100,-450,0.001
1491155261 RastriginS1 -5,5,-211,1
1972632862 RastriginR1 -5.12,5.12,-330,1
1146633722 SchwefelS1 -100,100,-310,0.01
1121512630 RosenbrockR1 -30,30,390,1
1206849195 RastriginS1 -5,5,-211,1
86032512 SphereS1 -100,100,-450,0.001
1175859415 WeierstrassW1 -0.5,0.5,90,1
1886168634 RosenbrockR1 -30,30,390,1
2123198872 SchwefelS1 -100,100,-310,0.01
550908512 EllipticE1 -100,100,145,500
246922655 RastriginR1 -5.12,5.12,-330,1
111445082 GriewankG1 -600,600,-180,1
1097435646 SchwefelS1 -100,100,-310,0.01
803433781 RastriginR1 -5.12,5.12,-330,1
787281821 EllipticE1 -100,100,145,500
1575630506 GriewankG1 -600,600,-180,1
1742913309 RosenbrockR1 -30,30,390,1
1990483824 WeierstrassW1 -0.5,0.5,90,1
1340902098 RastriginS1 -5,5,-211,1
89602011 SphereS1 -100,100,-450,0.001
814380950 WeierstrassW1 -0.5,0.5,90,1
2106666322 RastriginS1 -5,5,-211,1
1872842658 GriewankG1 -600,600,-180,1
17886953 EllipticE1 -100,100,145,500
1136237057 SphereS1 -100,100,-450,0.001
1492364944 RastriginR1 -5.12,5.12,-330,1
1927546426 SchwefelS1 -100,100,-310,0.01
2103421576 RosenbrockR1 -30,30,390,1
1093474697 SphereS1 -100,100,-450,0.001
2049316853 RosenbrockR1 -30,30,390,1
1959771244 SchwefelS1 -100,100,-310,0.01
700124208 RastriginR1 -5.12,5.12,-330,1
614319103 RastriginS1 -5,5,-211,1
245741786 GriewankG1 -600,600,-180,1
138243430 WeierstrassW1 -0.5,0.5,90,1
81963531 EllipticE1 -100,100,145,500
1494233938 RastriginS1 -5,5,-211,1
1843786616 SchwefelS1 -100,100,-310,0.01
838489886 SphereS1 -100,100,-450,0.001
2024858692 GriewankG1 -600,600,-180,1
1121797792 RastriginR1 -5.12,5.12,-330,1
634434986 RosenbrockR1 -30,30,390,1
1696313151 EllipticE1 -100,100,145,500
886699606 WeierstrassW1 -0.5,0.5,90,1
375462168 SchwefelS1 -100,100,-310,0.01
332809519 GriewankG1 -600,600,-180,1
142448663 WeierstrassW1 -0.5,0.5,90,1
1789694430 RastriginS1 -5,5,-211,1
1670551811 RosenbrockR1 -30,30,390,1
1479258246 SphereS1 -100,100,-450,0.001
1969443721 EllipticE1 -100,100,145,500
562544158 RastriginR1 -5.12,5.12,-330,1
2034055261 RastriginR1 -5.12,5.12,-330,1
215920829 EllipticE1 -100,100,145,500
1277406258 RastriginS1 -5,5,-211,1
2118068272 GriewankG1 -600,600,-180,1
714500384 WeierstrassW1 -0.5,0.5,90,1
1479951685 SphereS1 -100,100,-450,0.001
95439874 SchwefelS1 -100,100,-310,0.01
1754592876 RosenbrockR1 -30,30,390,1
1944528719 EllipticE1 -100,100,145,500
508703448 SchwefelS1 -100,100,-310,0.01
480906828 RosenbrockR1 -30,30,390,1
2136022656 GriewankG1 -600,600,-180,1
1718018967 RastriginR1 -5.12,5.12,-330,1
1353711019 RastriginS1 -5,5,-211,1
106891208 SphereS1 -100,100,-450,0.001
1776938626 WeierstrassW1 -0.5,0.5,90,1
265782466 GriewankG1 -600,600,-180,1
1533645418 SchwefelS1 -100,100,-310,0.01
1096731918 SphereS1 -100,100,-450,0.001
139248932 RastriginS1 -5,5,-211,1
2011911191 EllipticE1 -100,100,145,500
562543003 RastriginR1 -5.12,5.12,-330,1
24075645 WeierstrassW1 -0.5,0.5,90,1
1168747689 RosenbrockR1 -30,30,390,1
1963996086 GriewankG1 -600,600,-180,1
2082734908 EllipticE1 -100,100,145,500
28611368 RastriginR1 -5.12,5.12,-330,1
1848341632 WeierstrassW1 -0.5,0.5,90,1
1995405928 RosenbrockR1 -30,30,390,1
784143658 SphereS1 -100,100,-450,0.001
2090160252 RastriginS1 -5,5,-211,1
1544396615 SchwefelS1 -100,100,-310,0.01
1028650730 RosenbrockR1 -30,30,390,1
176815980 WeierstrassW1 -0.5,0.5,90,1
1837229905 GriewankG1 -600,600,-180,1
738181672 RastriginR1 -5.12,5.12,-330,1
1170997434 RastriginS1 -5,5,-211,1
263289426 EllipticE1 -100,100,145,500
1540568766 SchwefelS1 -100,100,-310,0.01
349832370 SphereS1 -100,100,-450,0.001
1329129940 RosenbrockR1 -30,30,390,1
1410747992 RastriginS1 -5,5,-211,1
166368347 WeierstrassW1 -0.5,0.5,90,1
282964047 SchwefelS1 -100,100,-310,0.01
946433402 SphereS1 -100,100,-450,0.001
740500583 RastriginR1 -5.12,5.12,-330,1
1201420856 EllipticE1 -100,100,145,500
1371151861 GriewankG1 -600,600,-180,1
538440862 EllipticE1 -100,100,145,500
183506516 SphereS1 -100,100,-450,0.001
1802517629 GriewankG1 -600,600,-180,1
727421066 SchwefelS1 -100,100,-310,0.01
2057761641 RastriginS1 -5,5,-211,1
1376326864 RosenbrockR1 -30,30,390,1
921759665 RastriginR1 -5.12,5.12,-330,1
755167166 WeierstrassW1 -0.5,0.5,90,1
504048711 RosenbrockR1 -30,30,390,1
1856723566 SphereS1 -100,100,-450,0.001
1875430074 RastriginS1 -5,5,-211,1
283694865 WeierstrassW1 -0.5,0.5,90,1
1388104904 EllipticE1 -100,100,145,500
1866686394 GriewankG1 -600,600,-180,1
242873174 RastriginR1 -5.12,5.12,-330,1
155371036 SchwefelS1 -100,100,-310,0.01
608227450 RastriginR1 -5.12,5.12,-330,1
123450845 GriewankG1 -600,600,-180,1
1778595927 EllipticE1 -100,100,145,500
1319326762 SchwefelS1 -100,100,-310,0.01
1211474699 WeierstrassW1 -0.5,0.5,90,1
1419045738 RastriginS1 -5,5,-211,1
2135545647 SphereS1 -100,100,-450,0.001
1575466685 RosenbrockR1 -30,30,390,1
1645304597 RosenbrockR1 -30,30,390,1
326540997 EllipticE1 -100,100,145,500
1432803644 SphereS1 -100,100,-450,0.001
1214773462 RastriginS1 -5,5,-211,1
158069182 WeierstrassW1 -0.5,0.5,90,1
793658925 RastriginR1 -5.12,5.12,-330,1
1029642455 GriewankG1 -600,600,-180,1
2137351877 SchwefelS1 -100,100,-310,0.01
32746231 WeierstrassW1 -0.5,0.5,90,1
2071370198 SchwefelS1 -100,100,-310,0.01
1080814777 RastriginS1 -5,5,-211,1
783025073 SphereS1 -100,100,-450,0.001
1113247080 RastriginR1 -5.12,5.12,-330,1
859384799 RosenbrockR1 -30,30,390,1
606819839 GriewankG1 -600,600,-180,1
1159682079 EllipticE1 -100,100,145,500
77860973 RosenbrockR1 -30,30,390,1
1497969476 RastriginS1 -5,5,-211,1
1105767815 SchwefelS1 -100,100,-310,0.01
473895306 RastriginR1 -5.12,5.12,-330,1
1326960563 SphereS1 -100,100,-450,0.001
353151363 EllipticE1 -100,100,145,500
1368964532 GriewankG1 -600,600,-180,1
886393839 WeierstrassW1 -0.5,0.5,90,1
954922736 EllipticE1 -100,100,145,500
33188431 SchwefelS1 -100,100,-310,0.01
1716650237 RastriginR1 -5.12,5.12,-330,1
321900766 GriewankG1 -600,600,-180,1
821253848 WeierstrassW1 -0.5,0.5,90,1
1418451366 SphereS1 -100,100,-450,0.001
115905196 RastriginS1 -5,5,-211,1
1198368177 RosenbrockR1 -30,30,390,1
1241723010 SchwefelS1 -100,100,-310,0.01
1968611110 RastriginS1 -5,5,-211,1
604929907 RosenbrockR1 -30,30,390,1
1432859950 RastriginR1 -5.12,5.12,-330,1
692999051 WeierstrassW1 -0.5,0.5,90,1
2085175077 GriewankG1 -600,600,-180,1
1822580994 SphereS1 -100,100,-450,0.001
197092021 EllipticE1 -100,100,145,500
274909719 SphereS1 -100,100,-450,0.001
1820323808 EllipticE1 -100,100,145,500
1916087221 GriewankG1 -600,600,-180,1
157652377 RosenbrockR1 -30,30,390,1
1496111279 WeierstrassW1 -0.5,0.5,90,1
336898211 RastriginR1 -5.12,5.12,-330,1
1016790110 RastriginS1 -5,5,-211,1
1236658702 SchwefelS1 -100,100,-310,0.01
405405093 RosenbrockR1 -30,30,390,1
1195211371 SphereS1 -100,100,-450,0.001
1447370605 RastriginS1 -5,5,-211,1
97785255 WeierstrassW1 -0.5,0.5,90,1
2110091038 EllipticE1 -100,100,145,500
1446011831 RastriginR1 -5.12,5.12,-330,1
1845580509 SchwefelS1 -100,100,-310,0.01
1781855128 GriewankG1 -600,600,-180,1
1339980691 SchwefelS1 -100,100,-310,0.01
1285658887 EllipticE1 -100,100,145,500
1482642608 RosenbrockR1 -30,30,390,1
2119404144 WeierstrassW1 -0.5,0.5,90,1
441151663 RastriginR1 -5.12,5.12,-330,1
8353296 GriewankG1 -600,600,-180,1
936659492 RastriginS1 -5,5,-211,1
2122832776 SphereS1 -100,100,-450,0.001
1534047753 EllipticE1 -100,100,145,500
1156932603 SphereS1 -100,100,-450,0.001
1035040341 RosenbrockR1 -30,30,390,1
1207595608 SchwefelS1 -100,100,-310,0.01
568560166 GriewankG1 -600,600,-180,1
803600237 RastriginS1 -5,5,-211,1
528879649 WeierstrassW1 -0.5,0.5,90,1
1896788887 RastriginR1 -5.12,5.12,-330,1
1794297106 EllipticE1 -100,100,145,500
111093150 WeierstrassW1 -0.5,0.5,90,1
644425321 RosenbrockR1 -30,30,390,1
1143882748 SphereS1 -100,100,-450,0.001
820845567 GriewankG1 -600,600,-180,1
396109237 SchwefelS1 -100,100,-310,0.01
208961480 RastriginS1 -5,5,-211,1
1134709324 RastriginR1 -5.12,5.12,-330,1
1961351676 WeierstrassW1 -0.5,0.5,90,1
1362851113 EllipticE1 -100,100,145,500
662171156 RastriginR1 -5.12,5.12,-330,1
1544696035 GriewankG1 -600,600,-180,1
184582178 RastriginS1 -5,5,-211,1
1433244989 SchwefelS1 -100,100,-310,0.01
499347737 SphereS1 -100,100,-450,0.001
1102327879 RosenbrockR1 -30,30,390,1
310633181 EllipticE1 -100,100,145,500
1493293380 GriewankG1 -600,600,-180,1
1941274465 RastriginS1 -5,5,-211,1
483787185 SphereS1 -100,100,-450,0.001
1360675272 RosenbrockR1 -30,30,390,1
186477537 SchwefelS1 -100,100,-310,0.01
52096011 WeierstrassW1 -0.5,0.5,90,1
236665533 RastriginR1 -5.12,5.12,-330,1
59891363 EllipticE1 -100,100,145,500
1920385796 WeierstrassW1 -0.5,0.5,90,1
1879700613 SphereS1 -100,100,-450,0.001
854644953 SchwefelS1 -100,100,-310,0.01
26174558 RastriginR1 -5.12,5.12,-330,1
1462745210 RosenbrockR1 -30,30,390,1
465105117 RastriginS1 -5,5,-211,1
22493567 GriewankG1 -600,600,-180,1
1956641968 EllipticE1 -100,100,145,500
980833461 RastriginR1 -5.12,5.12,-330,1
1591789594 RastriginS1 -5,5,-211,1
280820768 SphereS1 -100,100,-450,0.001
1734618841 WeierstrassW1 -0.5,0.5,90,1
958604164 SchwefelS1 -100,100,-310,0.01
572840161 GriewankG1 -600,600,-180,1
687121255 RosenbrockR1 -30,30,390,1
1504282633 SphereS1 -100,100,-450,0.001
779325483 SchwefelS1 -100,100,-310,0.01
2040121915 EllipticE1 -100,100,145,500
1266165256 GriewankG1 -600,600,-180,1
409298312 RastriginR1 -5.12,5.12,-330,1
1830451811 RastriginS1 -5,5,-211,1
1956666275 WeierstrassW1 -0.5,0.5,90,1
556462890 RosenbrockR1 -30,30,390,1
622531409 SphereS1 -100,100,-450,0.001
62042767 RastriginS1 -5,5,-211,1
1509792499 EllipticE1 -100,100,145,500
1259437129 RastriginR1 -5.12,5.12,-330,1
1458366404 SchwefelS1 -100,100,-310,0.01
491739870 WeierstrassW1 -0.5,0.5,90,1
1505645077 GriewankG1 -600,600,-180,1
1605264149 RosenbrockR1 -30,30,390,1
1011724099 RastriginR1 -5.12,5.12,-330,1
1834615881 WeierstrassW1 -0.5,0.5,90,1
2030709670 RastriginS1 -5,5,-211,1
607540611 EllipticE1 -100,100,145,500
285666707 SphereS1 -100,100,-450,0.001
434976609 GriewankG1 -600,600,-180,1
1395284908 SchwefelS1 -100,100,-310,0.01
106367933 RosenbrockR1 -30,30,390,1
1911541299 SphereS1 -100,100,-450,0.001
1849548575 RastriginS1 -5,5,-211,1
160350428 GriewankG1 -600,600,-180,1
504441723 RastriginR1 -5.12,5.12,-330,1
994549429 EllipticE1 -100,100,145,500
32254239 RosenbrockR1 -30,30,390,1
1130767785 WeierstrassW1 -0.5,0.5,90,1
1136788905 SchwefelS1 -100,100,-310,0.01
1876912506 RastriginR1 -5.12,5.12,-330,1
167046074 SphereS1 -100,100,-450,0.001
276897434 RosenbrockR1 -30,30,390,1
1329481422 EllipticE1 -100,100,145,500
971510836 SchwefelS1 -100,100,-310,0.01
275139697 GriewankG1 -600,600,-180,1
2085416719 WeierstrassW1 -0.5,0.5,90,1
1204381607 RastriginS1 -5,5,-211,1
1454321074 RosenbrockR1 -30,30,390,1
1727354446 WeierstrassW1 -0.5,0.5,90,1
70534559 GriewankG1 -600,600,-180,1
1149544947 SphereS1 -100,100,-450,0.001
678575222 RastriginR1 -5.12,5.12,-330,1
23007394 SchwefelS1 -100,100,-310,0.01
1023122324 RastriginS1 -5,5,-211,1
190529928 EllipticE1 -100,100,145,500
447194990 WeierstrassW1 -0.5,0.5,90,1
1817789034 GriewankG1 -600,600,-180,1
1007000493 EllipticE1 -100,100,145,500
1608750124 SchwefelS1 -100,100,-310,0.01
1028730533 RastriginR1 -5.12,5.12,-330,1
1641673268 SphereS1 -100,100,-450,0.001
1809637449 RosenbrockR1 -30,30,390,1
1697053306 RastriginS1 -5,5,-211,1
2133384298 SphereS1 -100,100,-450,0.001
1420622644 RosenbrockR1 -30,30,390,1
2029965063 WeierstrassW1 -0.5,0.5,90,1
627258658 SchwefelS1 -100,100,-310,0.01
1790681228 GriewankG1 -600,600,-180,1
606428531 RastriginS1 -5,5,-211,1
436865649 RastriginR1 -5.12,5.12,-330,1
1176220675 EllipticE1 -100,100,145,500
1312493626 RastriginS1 -5,5,-211,1
657893911 SphereS1 -100,100,-450,0.001
513510561 EllipticE1 -100,100,145,500
439576037 RastriginR1 -5.12,5.12,-330,1
1920078093 RosenbrockR1 -30,30,390,1
381438361 GriewankG1 -600,600,-180,1
1769343445 SchwefelS1 -100,100,-310,0.01
2003228551 WeierstrassW1 -0.5,0.5,90,1
1260112010 GriewankG1 -600,600,-180,1
712609951 WeierstrassW1 -0.5,0.5,90,1
1092815989 SphereS1 -100,100,-450,0.001
704640782 RastriginR1 -5.12,5.12,-330,1
2069259472 RastriginS1 -5,5,-211,1
17579047 SchwefelS1 -100,100,-310,0.01
1485931417 RosenbrockR1 -30,30,390,1
635711345 EllipticE1 -100,100,145,500
2121969604 EllipticE1 -100,100,145,500
989238326 SphereS1 -100,100,-450,0.001
469601891 RastriginS1 -5,5,-211,1
2053540183 RosenbrockR1 -30,30,390,1
2067689268 SchwefelS1 -100,100,-310,0.01
162707268 RastriginR1 -5.12,5.12,-330,1
1858681171 WeierstrassW1 -0.5,0.5,90,1
1644579431 GriewankG1 -600,600,-180,1
897677505 WeierstrassW1 -0.5,0.5,90,1
2090292679 SphereS1 -100,100,-450,0.001
550671855 RastriginR1 -5.12,5.12,-330,1
437938934 SchwefelS1 -100,100,-310,0.01
1581292196 GriewankG1 -600,600,-180,1
1017120447 RosenbrockR1 -30,30,390,1
552500070 EllipticE1 -100,100,145,500
425545570 RastriginS1 -5,5,-211,1
375526033 EllipticE1 -100,100,145,500
1529353690 RosenbrockR1 -30,30,390,1
826330853 GriewankG1 -600,600,-180,1
1199200943 SchwefelS1 -100,100,-310,0.01
1566720097 RastriginR1 -5.12,5.12,-330,1
1391468412 WeierstrassW1 -0.5,0.5,90,1
1623352231 RastriginS1 -5,5,-211,1
1307103227 SphereS1 -100,100,-450,0.001
451905586 RastriginR1 -5.12,5.12,-330,1
357669482 EllipticE1 -100,100,145,500
874964623 GriewankG1 -600,600,-180,1
1435029494 WeierstrassW1 -0.5,0.5,90,1
2069384771 RosenbrockR1 -30,30,390,1
33475189 SchwefelS1 -100,100,-310,0.01
1436686722 RastriginS1 -5,5,-211,1
1491742665 SphereS1 -100,100,-450,0.001
1326873449 WeierstrassW1 -0.5,0.5,90,1
1455940211 RosenbrockR1 -30,30,390,1
2107780903 RastriginR1 -5.12,5.12,-330,1
1756826681 GriewankG1 -600,600,-180,1
1645364573 RastriginS1 -5,5,-211,1
358316336 EllipticE1 -100,100,145,500
2055133664 SchwefelS1 -100,100,-310,0.01
1299378782 SphereS1 -100,100,-450,0.001
755973640 SchwefelS1 -100,100,-310,0.01
637115432 RastriginR1 -5.12,5.12,-330,1
429326427 RosenbrockR1 -30,30,390,1
117568013 SphereS1 -100,100,-450,0.001
1700918619 RastriginS1 -5,5,-211,1
1721325235 EllipticE1 -100,100,145,500
1928835156 WeierstrassW1 -0.5,0.5,90,1
39287743 GriewankG1 -600,600,-180,1
1063444447 EllipticE1 -100,100,145,500
1778331602 RosenbrockR1 -30,30,390,1
255738385 RastriginS1 -5,5,-211,1
1337376428 SchwefelS1 -100,100,-310,0.01
31369048 RastriginR1 -5.12,5.12,-330,1
523853553 SphereS1 -100,100,-450,0.001
304637367 GriewankG1 -600,600,-180,1
1392852545 WeierstrassW1 -0.5,0.5,90,1
1737383725 EllipticE1 -100,100,145,500
1119462467 GriewankG1 -600,600,-180,1
397881115 WeierstrassW1 -0.5,0.5,90,1
597813936 SphereS1 -100,100,-450,0.001
1610315495 SchwefelS1 -100,100,-310,0.01
1273722454 RastriginS1 -5,5,-211,1
1732915582 RastriginR1 -5.12,5.12,-330,1
1965103677 RosenbrockR1 -30,30,390,1
1806640234 EllipticE1 -100,100,145,500
489100633 SchwefelS1 -100,100,-310,0.01
1444840050 RastriginR1 -5.12,5.12,-330,1
1223520627 SphereS1 -100,100,-450,0.001
1440674033 RosenbrockR1 -30,30,390,1
807765211 GriewankG1 -600,600,-180,1
1208614945 RastriginS1 -5,5,-211,1
114579894 WeierstrassW1 -0.5,0.5,90,1
1400202333 RastriginR1 -5.12,5.12,-330,1
2026928232 RastriginS1 -5,5,-211,1
919912378 EllipticE1 -100,100,145,500
520259481 WeierstrassW1 -0.5,0.5,90,1
492503783 SphereS1 -100,100,-450,0.001
1893009674 GriewankG1 -600,600,-180,1
1171125830 SchwefelS1 -100,100,-310,0.01
191019516 RosenbrockR1 -30,30,390,1
758929763 GriewankG1 -600,600,-180,1
1056939432 RosenbrockR1 -30,30,390,1
1702800690 EllipticE1 -100,100,145,500
1227615075 RastriginS1 -5,5,-211,1
94086178 SphereS1 -100,100,-450,0.001
594180810 RastriginR1 -5.12,5.12,-330,1
102093905 SchwefelS1 -100,100,-310,0.01
1967037934 WeierstrassW1 -0.5,0.5,90,1
1944203760 GriewankG1 -600,600,-180,1
1552764724 RastriginR1 -5.12,5.12,-330,1
1595810574 WeierstrassW1 -0.5,0.5,90,1
1368150663 RastriginS1 -5,5,-211,1
2146364960 SphereS1 -100,100,-450,0.001
946845611 SchwefelS1 -100,100,-310,0.01
1727428265 EllipticE1 -100,100,145,500
838102759 RosenbrockR1 -30,30,390,1
2135074698 SphereS1 -100,100,-450,0.001
1983199453 RosenbrockR1 -30,30,390,1
1888300226 RastriginR1 -5.12,5.12,-330,1
1865475926 RastriginS1 -5,5,-211,1
1100391305 GriewankG1 -600,600,-180,1
1886777333 WeierstrassW1 -0.5,0.5,90,1
1551757556 SchwefelS1 -100,100,-310,0.01
1485566272 EllipticE1 -100,100,145,500
684949590 RastriginS1 -5,5,-211,1
1761924520 EllipticE1 -100,100,145,500
649103837 SphereS1 -100,100,-450,0.001
1371055369 SchwefelS1 -100,100,-310,0.01
2129871786 WeierstrassW1 -0.5,0.5,90,1
1775222539 RastriginR1 -5.12,5.12,-330,1
343884338 GriewankG1 -600,600,-180,1
143802545 RosenbrockR1 -30,30,390,1
1118051828 RastriginS1 -5,5,-211,1
1489862364 RastriginR1 -5.12,5.12,-330,1
1607032470 RosenbrockR1 -30,30,390,1
1137060451 GriewankG1 -600,600,-180,1
1634566755 SchwefelS1 -100,100,-310,0.01
578541148 EllipticE1 -100,100,145,500
1639572398 WeierstrassW1 -0.5,0.5,90,1
727049271 SphereS1 -100,100,-450,0.001
1102480442 RastriginR1 -5.12,5.12,-330,1
226308041 GriewankG1 -600,600,-180,1
1737809666 SphereS1 -100,100,-450,0.001
1955439295 EllipticE1 -100,100,145,500
617865711 SchwefelS1 -100,100,-310,0.01
2123642824 WeierstrassW1 -0.5,0.5,90,1
646415881 RastriginS1 -5,5,-211,1
1640994973 RosenbrockR1 -30,30,390,1
207725953 SphereS1 -100,100,-450,0.001
906547602 RastriginR1 -5.12,5.12,-330,1
1624543183 SchwefelS1 -100,100,-310,0.01
909622679 RastriginS1 -5,5,-211,1
1815859729 GriewankG1 -600,600,-180,1
1940117123 EllipticE1 -100,100,145,500
625544954 RosenbrockR1 -30,30,390,1
85897574 WeierstrassW1 -0.5,0.5,90,1
235657713 SphereS1 -100,100,-450,0.001
1114888309 RosenbrockR1 -30,30,390,1
1287892071 RastriginS1 -5,5,-211,1
1487774569 RastriginR1 -5.12,5.12,-330,1
1694455230 WeierstrassW1 -0.5,0.5,90,1
1574373952 SchwefelS1 -100,100,-310,0.01
568452753 GriewankG1 -600,600,-180,1
2108065280 EllipticE1 -100,100,145,500
1422374487 WeierstrassW1 -0.5,0.5,90,1
891606008 RastriginR1 -5.12,5.12,-330,1
1217958856 GriewankG1 -600,600,-180,1
1371603959 RastriginS1 -5,5,-211,1
855890385 SphereS1 -100,100,-450,0.001
536964528 RosenbrockR1 -30,30,390,1
363004406 SchwefelS1 -100,100,-310,0.01
2017026728 EllipticE1 -100,100,145,500
572360986 SphereS1 -100,100,-450,0.001
736641056 RastriginS1 -5,5,-211,1
2147217985 WeierstrassW1 -0.5,0.5,90,1
1962028231 EllipticE1 -100,100,145,500
802332228 GriewankG1 -600,600,-180,1
326948324 RastriginR1 -5.12,5.12,-330,1
2055156992 RosenbrockR1 -30,30,390,1
659900464 SchwefelS1 -100,100,-310,0.01
316806252 EllipticE1 -100,100,145,500
1716745939 RosenbrockR1 -30,30,390,1
54263706 WeierstrassW1 -0.5,0.5,90,1
101069200 RastriginR1 -5.12,5.12,-330,1
23656587 RastriginS1 -5,5,-211,1
1531173387 SchwefelS1 -100,100,-310,0.01
2021859505 GriewankG1 -600,600,-180,1
263391204 SphereS1 -100,100,-450,0.001
499022011 EllipticE1 -100,100,145,500
1256855358 SchwefelS1 -100,100,-310,0.01
1417989029 SphereS1 -100,100,-450,0.001
313327216 RastriginR1 -5.12,5.12,-330,1
6662370 GriewankG1 -600,600,-180,1
1003529018 RosenbrockR1 -30,30,390,1
145374044 RastriginS1 -5,5,-211,1
1352857088 WeierstrassW1 -0.5,0.5,90,1
1257721891 GriewankG1 -600,600,-180,1
1273925201 SchwefelS1 -100,100,-310,0.01
285870543 SphereS1 -100,100,-450,0.001
1097504946 RastriginS1 -5,5,-211,1
129682929 RastriginR1 -5.12,5.12,-330,1
626611382 WeierstrassW1 -0.5,0.5,90,1
557835563 EllipticE1 -100,100,145,500
1074953708 RosenbrockR1 -30,30,390,1
1756654738 SchwefelS1 -100,100,-310,0.01
1685666240 SphereS1 -100,100,-450,0.001
909952378 RastriginS1 -5,5,-211,1
2071562183 GriewankG1 -600,600,-180,1
1241616520 RosenbrockR1 -30,30,390,1
426601458 EllipticE1 -100,100,145,500
495275685 WeierstrassW1 -0.5,0.5,90,1
1830237589 RastriginR1 -5.12,5.12,-330,1
1251848335 WeierstrassW1 -0.5,0.5,90,1
1704336199 EllipticE1 -100,100,145,500
188029000 SphereS1 -100,100,-450,0.001
1834599981 RastriginR1 -5.12,5.12,-330,1
1492030740 RosenbrockR1 -30,30,390,1
27872832 RastriginS1 -5,5,-211,1
463578577 GriewankG1 -600,600,-180,1
2043265072 SchwefelS1 -100,100,-310,0.01
800455213 WeierstrassW1 -0.5,0.5,90,1
321869405 EllipticE1 -100,100,145,500
1186892966 RastriginS1 -5,5,-211,1
195647363 RosenbrockR1 -30,30,390,1
1948869028 SphereS1 -100,100,-450,0.001
1810789510 RastriginR1 -5.12,5.12,-330,1
2107627293 SchwefelS1 -100,100,-310,0.01
1629775135 GriewankG1 -600,600,-180,1
1989915402 EllipticE1 -100,100,145,500
1031221847 RosenbrockR1 -30,30,390,1
181682393 WeierstrassW1 -0.5,0.5,90,1
342409612 RastriginR1 -5.12,5.12,-330,1
969673265 RastriginS1 -5,5,-211,1
2140171591 SphereS1 -100,100,-450,0.001
1171952998 SchwefelS1 -100,100,-310,0.01
351869018 GriewankG1 -600,600,-180,1
266129355 RosenbrockR1 -30,30,390,1
83328570 GriewankG1 -600,600,-180,1
1608082322 RastriginS1 -5,5,-211,1
39725602 WeierstrassW1 -0.5,0.5,90,1
1927858746 RastriginR1 -5.12,5.12,-330,1
834971035 SchwefelS1 -100,100,-310,0.01
1661838187 SphereS1 -100,100,-450,0.001
2117703679 EllipticE1 -100,100,145,500
1093482164 GriewankG1 -600,600,-180,1
1024295005 WeierstrassW1 -0.5,0.5,90,1
782071428 RosenbrockR1 -30,30,390,1
2109296837 EllipticE1 -100,100,145,500
1276688202 RastriginR1 -5.12,5.12,-330,1
62483831 SphereS1 -100,100,-450,0.001
2116799311 RastriginS1 -5,5,-211,1
1173456706 SchwefelS1 -100,100,-310,0.01
9442133 SchwefelS1 -100,100,-310,0.01
2073475736 EllipticE1 -100,100,145,500
924516479 SphereS1 -100,100,-450,0.001
1602099498 RosenbrockR1 -30,30,390,1
1611052625 RastriginR1 -5.12,5.12,-330,1
1239249609 GriewankG1 -600,600,-180,1
543502055 WeierstrassW1 -0.5,0.5,90,1
236701534 RastriginS1 -5,5,-211,1
462989311 SchwefelS1 -100,100,-310,0.01
575853133 WeierstrassW1 -0.5,0.5,90,1
785236574 EllipticE1 -100,100,145,500
1585367644 RastriginR1 -5.12,5.12,-330,1
254583774 GriewankG1 -600,600,-180,1
1411858786 SphereS1 -100,100,-450,0.001
1728089343 RastriginS1 -5,5,-211,1
137158811 RosenbrockR1 -30,30,390,1
1164821115 RosenbrockR1 -30,30,390,1
310772212 EllipticE1 -100,100,145,500
2093032374 RastriginS1 -5,5,-211,1
1714383207 SphereS1 -100,100,-450,0.001
358230882 RastriginR1 -5.12,5.12,-330,1
1811646600 WeierstrassW1 -0.5,0.5,90,1
1752877535 GriewankG1 -600,600,-180,1
1967492329 SchwefelS1 -100,100,-310,0.01
1147270199 WeierstrassW1 -0.5,0.5,90,1
1885724741 RosenbrockR1 -30,30,390,1
2103548718 SphereS1 -100,100,-450,0.001
2067568149 GriewankG1 -600,600,-180,1
1565786816 EllipticE1 -100,100,145,500
2026179072 RastriginR1 -5.12,5.12,-330,1
964177440 SchwefelS1 -100,100,-310,0.01
302851491 RastriginS1 -5,5,-211,1
1341022673 WeierstrassW1 -0.5,0.5,90,1
521634495 SchwefelS1 -100,100,-310,0.01
1200665182 RosenbrockR1 -30,30,390,1
132392161 EllipticE1 -100,100,145,500
1363439228 RastriginR1 -5.12,5.12,-330,1
1719209482 GriewankG1 -600,600,-180,1
743551432 SphereS1 -100,100,-450,0.001
124817242 RastriginS1 -5,5,-211,1
1636510073 WeierstrassW1 -0.5,0.5,90,1
1677038348 RastriginR1 -5.12,5.12,-330,1
1030277559 EllipticE1 -100,100,145,500
148972483 SphereS1 -100,100,-450,0.001
1436618008 RastriginS1 -5,5,-211,1
597565223 RosenbrockR1 -30,30,390,1
1567627197 GriewankG1 -600,600,-180,1
644768118 SchwefelS1 -100,100,-310,0.01
1184778839 SchwefelS1 -100,100,-310,0.01
1533768886 RastriginR1 -5.12,5.12,-330,1
1114532669 RosenbrockR1 -30,30,390,1
1340397608 EllipticE1 -100,100,145,500
145593246 GriewankG1 -600,600,-180,1
768097289 SphereS1 -100,100,-450,0.001
1900739892 WeierstrassW1 -0.5,0.5,90,1
1775815450 RastriginS1 -5,5,-211,1
34116527 RastriginR1 -5.12,5.12,-330,1
267509603 WeierstrassW1 -0.5,0.5,90,1
316551297 SphereS1 -100,100,-450,0.001
1791336712 SchwefelS1 -100,100,-310,0.01
129568160 EllipticE1 -100,100,145,500
1076487086 RosenbrockR1 -30,30,390,1
518835923 RastriginS1 -5,5,-211,1
549676822 GriewankG1 -600,600,-180,1
221295781 GriewankG1 -600,600,-180,1
713438660 RastriginR1 -5.12,5.12,-330,1
1678831076 SchwefelS1 -100,100,-310,0.01
2128499674 SphereS1 -100,100,-450,0.001
996666720 WeierstrassW1 -0.5,0.5,90,1
1496833267 EllipticE1 -100,100,145,500
856344648 RastriginS1 -5,5,-211,1
124663222 RosenbrockR1 -30,30,390,1
1153016254 RastriginR1 -5.12,5.12,-330,1
1080486621 GriewankG1 -600,600,-180,1
2081694222 SphereS1 -100,100,-450,0.001
180552882 RosenbrockR1 -30,30,390,1
33254730 SchwefelS1 -100,100,-310,0.01
2102799917 WeierstrassW1 -0.5,0.5,90,1
926557920 RastriginS1 -5,5,-211,1
343121109 EllipticE1 -100,100,145,500
1036818196 RosenbrockR1 -30,30,390,1
1106188966 SphereS1 -100,100,-450,0.001
1241436526 GriewankG1 -600,600,-180,1
1203436089 RastriginR1 -5.12,5.12,-330,1
1170848243 WeierstrassW1 -0.5,0.5,90,1
756610186 SchwefelS1 -100,100,-310,0.01
740715032 RastriginS1 -5,5,-211,1
352419779 EllipticE1 -100,100,145,500
317826274 RastriginR1 -5.12,5.12,-330,1
1503037617 SchwefelS1 -100,100,-310,0.01
1184571394 EllipticE1 -100,100,145,500
1471612249 SphereS1 -100,100,-450,0.001
1733722442 GriewankG1 -600,600,-180,1
1656525703 RosenbrockR1 -30,30,390,1
453103299 WeierstrassW1 -0.5,0.5,90,1
35705116 RastriginS1 -5,5,-211,1
337389766 GriewankG1 -600,600,-180,1
1303566492 EllipticE1 -100,100,145,500
564081262 RosenbrockR1 -30,30,390,1
1424040354 SphereS1 -100,100,-450,0.001
1399952002 RastriginR1 -5.12,5.12,-330,1
1093822803 RastriginS1 -5,5,-211,1
2094850076 SchwefelS1 -100,100,-310,0.01
686371702 WeierstrassW1 -0.5,0.5,90,1
1442044246 RastriginR1 -5.12,5.12,-330,1
1365674552 RastriginS1 -5,5,-211,1
871105354 WeierstrassW1 -0.5,0.5,90,1
845949616 SchwefelS1 -100,100,-310,0.01
979563164 RosenbrockR1 -30,30,390,1
941765018 SphereS1 -100,100,-450,0.001
607686676 EllipticE1 -100,100,145,500
2145822468 GriewankG1 -600,600,-180,1
1201352941 EllipticE1 -100,100,145,500
942218723 GriewankG1 -600,600,-180,1
688415336 RosenbrockR1 -30,30,390,1
1069510812 RastriginR1 -5.12,5.12,-330,1
297896103 WeierstrassW1 -0.5,0.5,90,1
1178011805 SphereS1 -100,100,-450,0.001
449835224 RastriginS1 -5,5,-211,1
973658800 SchwefelS1 -100,100,-310,0.01
98291543 SphereS1 -100,100,-450,0.001
150248549 RastriginS1 -5,5,-211,1
953107837 WeierstrassW1 -0.5,0.5,90,1
1382189470 SchwefelS1 -100,100,-310,0.01
1468271985 RosenbrockR1 -30,30,390,1
254715851 EllipticE1 -100,100,145,500
669892401 RastriginR1 -5.12,5.12,-330,1
1809513833 GriewankG1 -600,600,-180,1
3940118 RastriginS1 -5,5,-211,1
1342267764 RosenbrockR1 -30,30,390,1
100698735 GriewankG1 -600,600,-180,1
1146941368 SphereS1 -100,100,-450,0.001
428004484 EllipticE1 -100,100,145,500
1024778667 RastriginR1 -5.12,5.12,-330,1
2136574239 SchwefelS1 -100,100,-310,0.01
743109855 WeierstrassW1 -0.5,0.5,90,1
926697659 RastriginS1 -5,5,-211,1
1949660020 SphereS1 -100,100,-450,0.001
174843381 EllipticE1 -100,100,145,500
882474944 RastriginR1 -5.12,5.12,-330,1
1765133528 SchwefelS1 -100,100,-310,0.01
1088023360 RosenbrockR1 -30,30,390,1
1207088701 GriewankG1 -600,600,-180,1
1064592145 WeierstrassW1 -0.5,0.5,90,1
1406699461 SphereS1 -100,100,-450,0.001
1320271165 GriewankG1 -600,600,-180,1
2027367879 WeierstrassW1 -0.5,0.5,90,1
149223038 SchwefelS1 -100,100,-310,0.01
532976198 RastriginS1 -5,5,-211,1
218121224 RastriginR1 -5.12,5.12,-330,1
424769397 RosenbrockR1 -30,30,390,1
265954573 EllipticE1 -100,100,145,500
1338412248 EllipticE1 -100,100,145,500
1805602229 WeierstrassW1 -0.5,0.5,90,1
1889747999 RastriginR1 -5.12,5.12,-330,1
906320879 SchwefelS1 -100,100,-310,0.01
765557818 GriewankG1 -600,600,-180,1
810635403 SphereS1 -100,100,-450,0.001
1814705671 RastriginS1 -5,5,-211,1
2019148335 RosenbrockR1 -30,30,390,1
1861415918 WeierstrassW1 -0.5,0.5,90,1
1926604440 RastriginS1 -5,5,-211,1
519972538 EllipticE1 -100,100,145,500
638012139 SchwefelS1 -100,100,-310,0.01
58174297 GriewankG1 -600,600,-180,1
154732442 RastriginR1 -5.12,5.12,-330,1
1353695139 SphereS1 -100,100,-450,0.001
1867565775 RosenbrockR1 -30,30,390,1
842955868 RosenbrockR1 -30,30,390,1
1530249069 SchwefelS1 -100,100,-310,0.01
1489968449 RastriginS1 -5,5,-211,1
1317479319 WeierstrassW1 -0.5,0.5,90,1
90857013 EllipticE1 -100,100,145,500
1852494119 RastriginR1 -5.12,5.12,-330,1
2094905017 GriewankG1 -600,600,-180,1
1840737047 SphereS1 -100,100,-450,0.001
1388878392 RosenbrockR1 -30,30,390,1
1255810938 WeierstrassW1 -0.5,0.5,90,1
68682658 SphereS1 -100,100,-450,0.001
1415359811 RastriginS1 -5,5,-211,1
152541096 RastriginR1 -5.12,5.12,-330,1
134425095 GriewankG1 -600,600,-180,1
902757120 SchwefelS1 -100,100,-310,0.01
1715921025 EllipticE1 -100,100,145,500
1329376857 SphereS1 -100,100,-450,0.001
1143350385 RastriginR1 -5.12,5.12,-330,1
1948727108 RosenbrockR1 -30,30,390,1
2108071779 RastriginS1 -5,5,-211,1
1934017198 SchwefelS1 -100,100,-310,0.01
1379323562 GriewankG1 -600,600,-180,1
215549670 WeierstrassW1 -0.5,0.5,90,1
2011003504 EllipticE1 -100,100,145,500
1520492699 RastriginR1 -5.12,5.12,-330,1
1991246817 RastriginS1 -5,5,-211,1
549518366 EllipticE1 -100,100,145,500
425083368 SchwefelS1 -100,100,-310,0.01
342343789 WeierstrassW1 -0.5,0.5,90,1
933221972 RosenbrockR1 -30,30,390,1
1224525601 SphereS1 -100,100,-450,0.001
1655176821 GriewankG1 -600,600,-180,1
1627773990 GriewankG1 -600,600,-180,1
461528029 RastriginS1 -5,5,-211,1
1109713280 SchwefelS1 -100,100,-310,0.01
803616315 WeierstrassW1 -0.5,0.5,90,1
1132922794 EllipticE1 -100,100,145,500
1924967043 SphereS1 -100,100,-450,0.001
139949085 RastriginR1 -5.12,5.12,-330,1
814564086 RosenbrockR1 -30,30,390,1
36317750 RosenbrockR1 -30,30,390,1
956176174 EllipticE1 -100,100,145,500
1041144459 RastriginR1 -5.12,5.12,-330,1
1349394566 GriewankG1 -600,600,-180,1
1862430631 WeierstrassW1 -0.5,0.5,90,1
2056966816 RastriginS1 -5,5,-211,1
1715418973 SchwefelS1 -100,100,-310,0.01
919267411 SphereS1 -100,100,-450,0.001
423116844 RastriginS1 -5,5,-211,1
2145937964 WeierstrassW1 -0.5,0.5,90,1
575475631 SphereS1 -100,100,-450,0.001
62002061 GriewankG1 -600,600,-180,1
755837340 EllipticE1 -100,100,145,500
1366787363 RosenbrockR1 -30,30,390,1
507088461 RastriginR1 -5.12,5.12,-330,1
829113668 SchwefelS1 -100,100,-310,0.01
1511046819 GriewankG1 -600,600,-180,1
390855281 RastriginS1 -5,5,-211,1
1206404472 RastriginR1 -5.12,5.12,-330,1
148762330 WeierstrassW1 -0.5,0.5,90,1
600409273 RosenbrockR1 -30,30,390,1
1940518171 SchwefelS1 -100,100,-310,0.01
1653053868 SphereS1 -100,100,-450,0.001
1327342024 EllipticE1 -100,100,145,500
1062346581 WeierstrassW1 -0.5,0.5,90,1
814824337 SchwefelS1 -100,100,-310,0.01
1834612046 SphereS1 -100,100,-450,0.001
249381595 RastriginS1 -5,5,-211,1
1651313748 EllipticE1 -100,100,145,500
905874731 GriewankG1 -600,600,-180,1
904403800 RastriginR1 -5.12,5.12,-330,1
194242823 RosenbrockR1 -30,30,390,1
333806386 RastriginS1 -5,5,-211,1
608436324 SchwefelS1 -100,100,-310,0.01
1202989460 SphereS1 -100,100,-450,0.001
1119278834 GriewankG1 -600,600,-180,1
1776637107 RastriginR1 -5.12,5.12,-330,1
1335402123 WeierstrassW1 -0.5,0.5,90,1
1976271316 EllipticE1 -100,100,145,500
852547040 RosenbrockR1 -30,30,390,1
2040030889 SphereS1 -100,100,-450,0.001
1499069838 RastriginS1 -5,5,-211,1
725143749 EllipticE1 -100,100,145,500
1937381554 RastriginR1 -5.12,5.12,-330,1
1381025357 WeierstrassW1 -0.5,0.5,90,1
1005647793 SchwefelS1 -100,100,-310,0.01
1977101613 RosenbrockR1 -30,30,390,1
1715085816 GriewankG1 -600,600,-180,1
725074153 EllipticE1 -100,100,145,500
1171119306 SphereS1 -100,100,-450,0.001
428181428 RosenbrockR1 -30,30,390,1
1475362459 GriewankG1 -600,600,-180,1
569731520 RastriginS1 -5,5,-211,1
93959500 RastriginR1 -5.12,5.12,-330,1
261452974 WeierstrassW1 -0.5,0.5,90,1
1855373470 SchwefelS1 -100,100,-310,0.01
454114501 RastriginS1 -5,5,-211,1
973511374 SchwefelS1 -100,100,-310,0.01
683253430 RosenbrockR1 -30,30,390,1
1642415901 GriewankG1 -600,600,-180,1
1232893343 RastriginR1 -5.12,5.12,-330,1
339053473 WeierstrassW1 -0.5,0.5,90,1
15011216 SphereS1 -100,100,-450,0.001
2138899050 EllipticE1 -100,100,145,500
360657035 RosenbrockR1 -30,30,390,1
665258324 EllipticE1 -100,100,145,500
710993946 SchwefelS1 -100,100,-310,0.01
1731997002 SphereS1 -100,100,-450,0.001
468620200 GriewankG1 -600,600,-180,1
363352323 WeierstrassW1 -0.5,0.5,90,1
1594653414 RastriginS1 -5,5,-211,1
470040534 RastriginR1 -5.12,5.12,-330,1
425430023 RosenbrockR1 -30,30,390,1
661781866 SphereS1 -100,100,-450,0.001
2121619699 RastriginR1 -5.12,5.12,-330,1
897641709 WeierstrassW1 -0.5,0.5,90,1
1697934430 RastriginS1 -5,5,-211,1
126692372 GriewankG1 -600,600,-180,1
738720679 EllipticE1 -100,100,145,500
1776000469 SchwefelS1 -100,100,-310,0.01
1765262944 RastriginS1 -5,5,-211,1
295986146 GriewankG1 -600,600,-180,1
1746835536 WeierstrassW1 -0.5,0.5,90,1
279732927 EllipticE1 -100,100,145,500
1169918405 SphereS1 -100,100,-450,0.001
1593824483 SchwefelS1 -100,100,-310,0.01
22332059 RosenbrockR1 -30,30,390,1
2115330808 RastriginR1 -5.12,5.12,-330,1
1087529773 SchwefelS1 -100,100,-310,0.01
602535299 RastriginR1 -5.12,5.12,-330,1
868904056 EllipticE1 -100,100,145,500
195432331 RosenbrockR1 -30,30,390,1
1432052827 WeierstrassW1 -0.5,0.5,90,1
880886806 GriewankG1 -600,600,-180,1
2111460573 RastriginS1 -5,5,-211,1
699468591 SphereS1 -100,100,-450,0.001
668436154 SchwefelS1 -100,100,-310,0.01
1990921579 RastriginS1 -5,5,-211,1
934030729 SphereS1 -100,100,-450,0.001
1518412465 RosenbrockR1 -30,30,390,1
1239790961 GriewankG1 -600,600,-180,1
1177240050 EllipticE1 -100,100,145,500
803415470 RastriginR1 -5.12,5.12,-330,1
42477282 WeierstrassW1 -0.5,0.5,90,1
518864593 SphereS1 -100,100,-450,0.001
1699112378 RastriginS1 -5,5,-211,1
498207078 EllipticE1 -100,100,145,500
2084446454 RosenbrockR1 -30,30,390,1
1069929346 RastriginR1 -5.12,5.12,-330,1
512637993 GriewankG1 -600,600,-180,1
1473291803 WeierstrassW1 -0.5,0.5,90,1
1607120330 SchwefelS1 -100,100,-310,0.01
665279199 RastriginS1 -5,5,-211,1
1176366557 SphereS1 -100,100,-450,0.001
1232938919 SchwefelS1 -100,100,-310,0.01
770408531 RosenbrockR1 -30,30,390,1
1750777480 EllipticE1 -100,100,145,500
1035143007 WeierstrassW1 -0.5,0.5,90,1
500974907 GriewankG1 -600,600,-180,1
1123742013 RastriginR1 -5.12,5.12,-330,1
1639125611 RosenbrockR1 -30,30,390,1
16198994 SchwefelS1 -100,100,-310,0.01
976311128 SphereS1 -100,100,-450,0.001
203755569 RastriginR1 -5.12,5.12,-330,1
1243150187 EllipticE1 -100,100,145,500
230766290 WeierstrassW1 -0.5,0.5,90,1
1600132428 RastriginS1 -5,5,-211,1
1184514439 GriewankG1 -600,600,-180,1
1102095980 RastriginS1 -5,5,-211,1
538268209 RosenbrockR1 -30,30,390,1
274103467 WeierstrassW1 -0.5,0.5,90,1
534617492 EllipticE1 -100,100,145,500
362014762 GriewankG1 -600,600,-180,1
1051856321 SphereS1 -100,100,-450,0.001
829718770 SchwefelS1 -100,100,-310,0.01
2010687865 RastriginR1 -5.12,5.12,-330,1
1603362023 RosenbrockR1 -30,30,390,1
1212975218 RastriginR1 -5.12,5.12,-330,1
1726134906 SchwefelS1 -100,100,-310,0.01
534022227 GriewankG1 -600,600,-180,1
114112603 EllipticE1 -100,100,145,500
633449141 SphereS1 -100,100,-450,0.001
1328312273 RastriginS1 -5,5,-211,1
1813820573 WeierstrassW1 -0.5,0.5,90,1
683475170 RastriginS1 -5,5,-211,1
1080110865 EllipticE1 -100,100,145,500
455237987 GriewankG1 -600,600,-180,1
639480867 SchwefelS1 -100,100,-310,0.01
561978636 WeierstrassW1 -0.5,0.5,90,1
640057214 SphereS1 -100,100,-450,0.001
322102556 RosenbrockR1 -30,30,390,1
955807314 RastriginR1 -5.12,5.12,-330,1
