76593332 RastriginR1 -5.12,5.12,-330,1
2070231575 SchwefelS1 -100,100,-310,0.01
678174566 RastriginS1 -5,5,-211,1
1180947612 SphereS1 -100,100,-450,0.001
1841889657 WeierstrassW1 -0.5,0.5,90,1
1561765848 GriewankG1 -600,600,-180,1
331991908 RosenbrockR1 -30,30,390,1
1367662510 SphereS1 -100,100,-450,0.001
1970933906 RosenbrockR1 -30,30,390,1
184242589 SchwefelS1 -100,100,-310,0.01
936818155 RastriginS1 -5,5,-211,1
579399830 RastriginR1 -5.12,5.12,-330,1
371836214 GriewankG1 -600,600,-180,1
284264236 WeierstrassW1 -0.5,0.5,90,1
45849524 RastriginS1 -5,5,-211,1
1729884984 SchwefelS1 -100,100,-310,0.01
1526896590 GriewankG1 -600,600,-180,1
1374493268 RosenbrockR1 -30,30,390,1
1189509930 RastriginR1 -5.12,5.12,-330,1
1289636003 WeierstrassW1 -0.5,0.5,90,1
945548968 SphereS1 -100,100,-450,0.001
1036556068 GriewankG1 -600,600,-180,1
82106444 RastriginR1 -5.12,5.12,-330,1
64315970 WeierstrassW1 -0.5,0.5,90,1
205845687 RosenbrockR1 -30,30,390,1
673948927 SphereS1 -100,100,-450,0.001
637566358 RastriginS1 -5,5,-211,1
720721666 SchwefelS1 -100,100,-310,0.01
2085269448 RastriginR1 -5.12,5.12,-330,1
2106584775 RastriginS1 -5,5,-211,1
515552351 GriewankG1 -600,600,-180,1
129161248 WeierstrassW1 -0.5,0.5,90,1
1548605805 SphereS1 -100,100,-450,0.001
222014735 SchwefelS1 -100,100,-310,0.01
1686488978 RosenbrockR1 -30,30,390,1
1392514437 RastriginR1 -5.12,5.12,-330,1
1165131879 SchwefelS1 -100,100,-310,0.01
1319408815 RosenbrockR1 -30,30,390,1
2074744000 SphereS1 -100,100,-450,0.001
1733138286 GriewankG1 -600,600,-180,1
685541044 WeierstrassW1 -0.5,0.5,90,1
13935469 RastriginS1 -5,5,-211,1
462720224 SphereS1 -100,100,-450,0.001
1524734467 SchwefelS1 -100,100,-310,0.01
1736731097 WeierstrassW1 -0.5,0.5,90,1
251330698 RosenbrockR1 -30,30,390,1
1313848922 RastriginR1 -5.12,5.12,-330,1
557599983 RastriginS1 -5,5,-211,1
789000552 GriewankG1 -600,600,-180,1
1764895294 RosenbrockR1 -30,30,390,1
149754666 GriewankG1 -600,600,-180,1
1523713353 SchwefelS1 -100,100,-310,0.01
1868452773 WeierstrassW1 -0.5,0.5,90,1
310084194 RastriginS1 -5,5,-211,1
1927991028 SphereS1 -100,100,-450,0.001
13543025 RastriginR1 -5.12,5.12,-330,1
1669015032 GriewankG1 -600,600,-180,1
1186378232 SphereS1 -100,100,-450,0.001
1865128741 RastriginS1 -5,5,-211,1
792652207 RosenbrockR1 -30,30,390,1
1591543198 SchwefelS1 -100,100,-310,0.01
1998353460 WeierstrassW1 -0.5,0.5,90,1
998783798 RastriginR1 -5.12,5.12,-330,1
1593267606 RastriginS1 -5,5,-211,1
769705430 WeierstrassW1 -0.5,0.5,90,1
1967747329 RastriginR1 -5.12,5.12,-330,1
1382366317 SchwefelS1 -100,100,-310,0.01
2022633737 SphereS1 -100,100,-450,0.001
30692456 RosenbrockR1 -30,30,390,1
829560014 GriewankG1 -600,600,-180,1
2046748760 GriewankG1 -600,600,-180,1
838628597 SphereS1 -100,100,-450,0.001
1266764447 RastriginS1 -5,5,-211,1
1404532994 RosenbrockR1 -30,30,390,1
49173726 WeierstrassW1 -0.5,0.5,90,1
1799566890 RastriginR1 -5.12,5.12,-330,1
1767938397 SchwefelS1 -100,100,-310,0.01
1188387787 RosenbrockR1 -30,30,390,1
23926432 RastriginS1 -5,5,-211,1
1928919851 SphereS1 -100,100,-450,0.001
100511487 SchwefelS1 -100,100,-310,0.01
2122508000 WeierstrassW1 -0.5,0.5,90,1
1189338387 GriewankG1 -600,600,-180,1
1897946695 RastriginR1 -5.12,5.12,-330,1
179796910 RastriginS1 -5,5,-211,1
1932973243 GriewankG1 -600,600,-180,1
1395912711 RastriginR1 -5.12,5.12,-330,1
152670172 WeierstrassW1 -0.5,0.5,90,1
329825740 RosenbrockR1 -30,30,390,1
1058179541 SchwefelS1 -100,100,-310,0.01
1482061436 SphereS1 -100,100,-450,0.001
1545297881 GriewankG1 -600,600,-180,1
1940268374 RosenbrockR1 -30,30,390,1
665034182 RastriginR1 -5.12,5.12,-330,1
1087823559 WeierstrassW1 -0.5,0.5,90,1
117938166 RastriginS1 -5,5,-211,1
2051776571 SphereS1 -100,100,-450,0.001
72338069 SchwefelS1 -100,100,-310,0.01
1514698196 RastriginS1 -5,5,-211,1
1490465236 WeierstrassW1 -0.5,0.5,90,1
867021605 SphereS1 -100,100,-450,0.001
2141449475 SchwefelS1 -100,100,-310,0.01
344994858 RosenbrockR1 -30,30,390,1
1951963121 GriewankG1 -600,600,-180,1
835931078 RastriginR1 -5.12,5.12,-330,1
494371701 GriewankG1 -600,600,-180,1
884111336 RastriginS1 -5,5,-211,1
1010184260 RosenbrockR1 -30,30,390,1
203233804 SchwefelS1 -100,100,-310,0.01
1850244092 SphereS1 -100,100,-450,0.001
1100347579 WeierstrassW1 -0.5,0.5,90,1
270119535 RastriginR1 -5.12,5.12,-330,1
1317513343 SchwefelS1 -100,100,-310,0.01
1599771842 SphereS1 -100,100,-450,0.001
1873270024 RastriginS1 -5,5,-211,1
1790303821 RosenbrockR1 -30,30,390,1
1251209119 WeierstrassW1 -0.5,0.5,90,1
479505241 RastriginR1 -5.12,5.12,-330,1
1884060742 GriewankG1 -600,600,-180,1
1545414403 RastriginS1 -5,5,-211,1
541608797 RastriginR1 -5.12,5.12,-330,1
711383741 SchwefelS1 -100,100,-310,0.01
367065286 GriewankG1 -600,600,-180,1
1341707448 SphereS1 -100,100,-450,0.001
181884520 WeierstrassW1 -0.5,0.5,90,1
614575603 RosenbrockR1 -30,30,390,1
1430705825 SchwefelS1 -100,100,-310,0.01
423806542 RastriginS1 -5,5,-211,1
2105943814 RosenbrockR1 -30,30,390,1
965051296 WeierstrassW1 -0.5,0.5,90,1
1029317328 RastriginR1 -5.12,5.12,-330,1
1437867353 GriewankG1 -600,600,-180,1
1395695379 SphereS1 -100,100,-450,0.001
1660110380 RastriginS1 -5,5,-211,1
1115514053 RosenbrockR1 -30,30,390,1
2130596481 GriewankG1 -600,600,-180,1
350622684 RastriginR1 -5.12,5.12,-330,1
2025297064 SphereS1 -100,100,-450,0.001
1645429858 WeierstrassW1 -0.5,0.5,90,1
1995805813 SchwefelS1 -100,100,-310,0.01
930078220 SchwefelS1 -100,100,-310,0.01
1066546511 WeierstrassW1 -0.5,0.5,90,1
649425081 RastriginS1 -5,5,-211,1
329144938 GriewankG1 -600,600,-180,1
1175287164 RosenbrockR1 -30,30,390,1
1554458232 SphereS1 -100,100,-450,0.001
1955443106 RastriginR1 -5.12,5.12,-330,1
543054046 GriewankG1 -600,600,-180,1
1471746579 RastriginR1 -5.12,5.12,-330,1
607832337 WeierstrassW1 -0.5,0.5,90,1
1145383607 SchwefelS1 -100,100,-310,0.01
1584082159 SphereS1 -100,100,-450,0.001
431515133 RosenbrockR1 -30,30,390,1
98603663 RastriginS1 -5,5,-211,1
1782851954 RastriginS1 -5,5,-211,1
1261682988 GriewankG1 -600,600,-180,1
1512331380 RastriginR1 -5.12,5.12,-330,1
463663740 SchwefelS1 -100,100,-310,0.01
1386854858 WeierstrassW1 -0.5,0.5,90,1
656195348 RosenbrockR1 -30,30,390,1
725265388 SphereS1 -100,100,-450,0.001
51880646 GriewankG1 -600,600,-180,1
389801320 SchwefelS1 -100,100,-310,0.01
450251094 RosenbrockR1 -30,30,390,1
728578515 RastriginR1 -5.12,5.12,-330,1
1780358353 RastriginS1 -5,5,-211,1
368267502 SphereS1 -100,100,-450,0.001
650685037 WeierstrassW1 -0.5,0.5,90,1
589803200 RosenbrockR1 -30,30,390,1
1010068657 WeierstrassW1 -0.5,0.5,90,1
127613762 RastriginS1 -5,5,-211,1
254248200 GriewankG1 -600,600,-180,1
749492555 RastriginR1 -5.12,5.12,-330,1
1404926355 SphereS1 -100,100,-450,0.001
1050748664 SchwefelS1 -100,100,-310,0.01
2001418435 RosenbrockR1 -30,30,390,1
698920198 WeierstrassW1 -0.5,0.5,90,1
1334673563 RastriginS1 -5,5,-211,1
185087497 GriewankG1 -600,600,-180,1
41052079 SchwefelS1 -100,100,-310,0.01
1381263117 RastriginR1 -5.12,5.12,-330,1
889851708 SphereS1 -100,100,-450,0.001
1401891322 RastriginS1 -5,5,-211,1
1148856549 SchwefelS1 -100,100,-310,0.01
1629904348 WeierstrassW1 -0.5,0.5,90,1
548084499 SphereS1 -100,100,-450,0.001
818066867 GriewankG1 -600,600,-180,1
45489199 RastriginR1 -5.12,5.12,-330,1
1849604758 RosenbrockR1 -30,30,390,1
1162143083 RastriginR1 -5.12,5.12,-330,1
538262949 SchwefelS1 -100,100,-310,0.01
42533371 GriewankG1 -600,600,-180,1
1482166368 RastriginS1 -5,5,-211,1
409347493 SphereS1 -100,100,-450,0.001
880983499 WeierstrassW1 -0.5,0.5,90,1
1752897470 RosenbrockR1 -30,30,390,1
982272629 SphereS1 -100,100,-450,0.001
1991309785 WeierstrassW1 -0.5,0.5,90,1
672543295 GriewankG1 -600,600,-180,1
997754729 RosenbrockR1 -30,30,390,1
40116890 SchwefelS1 -100,100,-310,0.01
478150059 RastriginS1 -5,5,-211,1
1665576195 RastriginR1 -5.12,5.12,-330,1
1446245401 SchwefelS1 -100,100,-310,0.01
901407102 GriewankG1 -600,600,-180,1
732405341 SphereS1 -100,100,-450,0.001
1755049130 RastriginR1 -5.12,5.12,-330,1
605795020 RastriginS1 -5,5,-211,1
1887607040 RosenbrockR1 -30,30,390,1
1667678337 WeierstrassW1 -0.5,0.5,90,1
500712665 SphereS1 -100,100,-450,0.001
194319386 WeierstrassW1 -0.5,0.5,90,1
742540932 RosenbrockR1 -30,30,390,1
820928354 RastriginR1 -5.12,5.12,-330,1
905720358 GriewankG1 -600,600,-180,1
927816357 RastriginS1 -5,5,-211,1
1978110541 SchwefelS1 -100,100,-310,0.01
2095999020 SchwefelS1 -100,100,-310,0.01
1197947188 RastriginS1 -5,5,-211,1
1956307892 RastriginR1 -5.12,5.12,-330,1
1891860910 WeierstrassW1 -0.5,0.5,90,1
576576793 SphereS1 -100,100,-450,0.001
509873204 GriewankG1 -600,600,-180,1
715941435 RosenbrockR1 -30,30,390,1
805824723 WeierstrassW1 -0.5,0.5,90,1
1984115050 SphereS1 -100,100,-450,0.001
1670042625 RastriginR1 -5.12,5.12,-330,1
1601395223 RosenbrockR1 -30,30,390,1
509912362 RastriginS1 -5,5,-211,1
1545287316 GriewankG1 -600,600,-180,1
159228711 SchwefelS1 -100,100,-310,0.01
405903392 GriewankG1 -600,600,-180,1
1324356540 SphereS1 -100,100,-450,0.001
806814836 RastriginS1 -5,5,-211,1
1703617323 RosenbrockR1 -30,30,390,1
1449074509 RastriginR1 -5.12,5.12,-330,1
68420986 SchwefelS1 -100,100,-310,0.01
438376227 WeierstrassW1 -0.5,0.5,90,1
1853631899 WeierstrassW1 -0.5,0.5,90,1
1192539075 GriewankG1 -600,600,-180,1
313195564 SchwefelS1 -100,100,-310,0.01
1090022678 RastriginR1 -5.12,5.12,-330,1
609587305 RastriginS1 -5,5,-211,1
1793629919 RosenbrockR1 -30,30,390,1
1353099078 SphereS1 -100,100,-450,0.001
1558820022 SchwefelS1 -100,100,-310,0.01
2069816836 RosenbrockR1 -30,30,390,1
1500325751 SphereS1 -100,100,-450,0.001
1187622134 GriewankG1 -600,600,-180,1
771272610 WeierstrassW1 -0.5,0.5,90,1
996128089 RastriginS1 -5,5,-211,1
1263090451 RastriginR1 -5.12,5.12,-330,1
375575884 SphereS1 -100,100,-450,0.001
1459892736 RastriginR1 -5.12,5.12,-330,1
207338442 SchwefelS1 -100,100,-310,0.01
736292208 GriewankG1 -600,600,-180,1
1050916512 RastriginS1 -5,5,-211,1
1028296180 WeierstrassW1 -0.5,0.5,90,1
281761133 RosenbrockR1 -30,30,390,1
196449700 GriewankG1 -600,600,-180,1
2051937785 SchwefelS1 -100,100,-310,0.01
1322904672 WeierstrassW1 -0.5,0.5,90,1
1322120287 RastriginR1 -5.12,5.12,-330,1
1246796978 RastriginS1 -5,5,-211,1
1205309934 RosenbrockR1 -30,30,390,1
1070479609 SphereS1 -100,100,-450,0.001
349928517 SchwefelS1 -100,100,-310,0.01
320394828 WeierstrassW1 -0.5,0.5,90,1
191869219 RosenbrockR1 -30,30,390,1
2023293495 SphereS1 -100,100,-450,0.001
662791206 RastriginS1 -5,5,-211,1
148074568 RastriginR1 -5.12,5.12,-330,1
1602998504 GriewankG1 -600,600,-180,1
1602607855 RosenbrockR1 -30,30,390,1
219779071 SphereS1 -100,100,-450,0.001
796045952 GriewankG1 -600,600,-180,1
1486995728 RastriginR1 -5.12,5.12,-330,1
1979415562 SchwefelS1 -100,100,-310,0.01
1765276432 WeierstrassW1 -0.5,0.5,90,1
1947729471 RastriginS1 -5,5,-211,1
1331136203 GriewankG1 -600,600,-180,1
1485116061 WeierstrassW1 -0.5,0.5,90,1
1583207971 SchwefelS1 -100,100,-310,0.01
1439616942 RastriginS1 -5,5,-211,1
2129462873 RosenbrockR1 -30,30,390,1
216519449 SphereS1 -100,100,-450,0.001
905418091 RastriginR1 -5.12,5.12,-330,1
1964609889 WeierstrassW1 -0.5,0.5,90,1
872191139 RosenbrockR1 -30,30,390,1
1642788943 GriewankG1 -600,600,-180,1
1853330329 RastriginR1 -5.12,5.12,-330,1
680147447 SchwefelS1 -100,100,-310,0.01
902695614 SphereS1 -100,100,-450,0.001
271312118 RastriginS1 -5,5,-211,1
1304240079 RastriginR1 -5.12,5.12,-330,1
2045124860 RastriginS1 -5,5,-211,1
952900500 WeierstrassW1 -0.5,0.5,90,1
2114881028 SphereS1 -100,100,-450,0.001
116000105 RosenbrockR1 -30,30,390,1
66202576 GriewankG1 -600,600,-180,1
789502695 SchwefelS1 -100,100,-310,0.01
346673727 SphereS1 -100,100,-450,0.001
2126688436 GriewankG1 -600,600,-180,1
706933938 RosenbrockR1 -30,30,390,1
213297750 SchwefelS1 -100,100,-310,0.01
1021502798 RastriginR1 -5.12,5.12,-330,1
1542543465 RastriginS1 -5,5,-211,1
1374240610 WeierstrassW1 -0.5,0.5,90,1
567929636 GriewankG1 -600,600,-180,1
376673959 SchwefelS1 -100,100,-310,0.01
572240799 RastriginS1 -5,5,-211,1
1946695631 RastriginR1 -5.12,5.12,-330,1
1828171226 SphereS1 -100,100,-450,0.001
766659879 WeierstrassW1 -0.5,0.5,90,1
1752924371 RosenbrockR1 -30,30,390,1
1940963922 WeierstrassW1 -0.5,0.5,90,1
1639162027 RastriginR1 -5.12,5.12,-330,1
2136041280 RosenbrockR1 -30,30,390,1
1869624356 GriewankG1 -600,600,-180,1
1791461400 SphereS1 -100,100,-450,0.001
476357932 SchwefelS1 -100,100,-310,0.01
1144667804 RastriginS1 -5,5,-211,1
1550237379 RosenbrockR1 -30,30,390,1
540782698 RastriginR1 -5.12,5.12,-330,1
540164275 RastriginS1 -5,5,-211,1
1850972288 WeierstrassW1 -0.5,0.5,90,1
1001288953 SphereS1 -100,100,-450,0.001
607390013 GriewankG1 -600,600,-180,1
134055888 SchwefelS1 -100,100,-310,0.01
1965039354 SchwefelS1 -100,100,-310,0.01
343444348 RastriginR1 -5.12,5.12,-330,1
1430284952 RosenbrockR1 -30,30,390,1
649655379 RastriginS1 -5,5,-211,1
2054062620 SphereS1 -100,100,-450,0.001
1532612911 GriewankG1 -600,600,-180,1
61606474 WeierstrassW1 -0.5,0.5,90,1
958438084 RosenbrockR1 -30,30,390,1
1041646936 SphereS1 -100,100,-450,0.001
434928908 RastriginR1 -5.12,5.12,-330,1
2067644052 SchwefelS1 -100,100,-310,0.01
484797255 RastriginS1 -5,5,-211,1
1023988208 WeierstrassW1 -0.5,0.5,90,1
1500251420 GriewankG1 -600,600,-180,1
673634921 SchwefelS1 -100,100,-310,0.01
2088124883 RastriginR1 -5.12,5.12,-330,1
473156965 WeierstrassW1 -0.5,0.5,90,1
1608588578 RosenbrockR1 -30,30,390,1
1876679625 SphereS1 -100,100,-450,0.001
105939650 GriewankG1 -600,600,-180,1
2133819465 RastriginS1 -5,5,-211,1
801958273 GriewankG1 -600,600,-180,1
315650248 RastriginR1 -5.12,5.12,-330,1
576884249 SphereS1 -100,100,-450,0.001
616884016 RastriginS1 -5,5,-211,1
1493305124 SchwefelS1 -100,100,-310,0.01
716398121 RosenbrockR1 -30,30,390,1
915957260 WeierstrassW1 -0.5,0.5,90,1
515694711 RosenbrockR1 -30,30,390,1
1539156354 SphereS1 -100,100,-450,0.001
219115792 RastriginS1 -5,5,-211,1
952775805 WeierstrassW1 -0.5,0.5,90,1
628472276 RastriginR1 -5.12,5.12,-330,1
25013823 SchwefelS1 -100,100,-310,0.01
212800778 GriewankG1 -600,600,-180,1
2139015710 RastriginS1 -5,5,-211,1
1392449245 RastriginR1 -5.12,5.12,-330,1
908007033 RosenbrockR1 -30,30,390,1
659347827 GriewankG1 -600,600,-180,1
1743124388 SchwefelS1 -100,100,-310,0.01
1887777371 SphereS1 -100,100,-450,0.001
361569211 WeierstrassW1 -0.5,0.5,90,1
1437837915 RastriginS1 -5,5,-211,1
1626359663 SchwefelS1 -100,100,-310,0.01
544886781 GriewankG1 -600,600,-180,1
1986563388 SphereS1 -100,100,-450,0.001
724632209 WeierstrassW1 -0.5,0.5,90,1
357568429 RosenbrockR1 -30,30,390,1
783035459 RastriginR1 -5.12,5.12,-330,1
1593121368 WeierstrassW1 -0.5,0.5,90,1
1277239980 RosenbrockR1 -30,30,390,1
1020162818 RastriginR1 -5.12,5.12,-330,1
1022643832 RastriginS1 -5,5,-211,1
1703378303 GriewankG1 -600,600,-180,1
527169924 SphereS1 -100,100,-450,0.001
275012326 SchwefelS1 -100,100,-310,0.01
1818619162 RastriginS1 -5,5,-211,1
1220841967 RosenbrockR1 -30,30,390,1
89715828 GriewankG1 -600,600,-180,1
2064595977 RastriginR1 -5.12,5.12,-330,1
680466943 WeierstrassW1 -0.5,0.5,90,1
319212387 SchwefelS1 -100,100,-310,0.01
778308791 SphereS1 -100,100,-450,0.001
1844587996 GriewankG1 -600,600,-180,1
790482223 SphereS1 -100,100,-450,0.001
1133635583 RastriginS1 -5,5,-211,1
543315551 RosenbrockR1 -30,30,390,1
983007363 WeierstrassW1 -0.5,0.5,90,1
615118504 RastriginR1 -5.12,5.12,-330,1
242461337 SchwefelS1 -100,100,-310,0.01
786784545 RosenbrockR1 -30,30,390,1
23706624 RastriginS1 -5,5,-211,1
1917596306 WeierstrassW1 -0.5,0.5,90,1
689220218 GriewankG1 -600,600,-180,1
598012752 SphereS1 -100,100,-450,0.001
1487088503 SchwefelS1 -100,100,-310,0.01
842708389 RastriginR1 -5.12,5.12,-330,1
454355304 RastriginR1 -5.12,5.12,-330,1
83306183 GriewankG1 -600,600,-180,1
2083200164 SchwefelS1 -100,100,-310,0.01
1667991958 RastriginS1 -5,5,-211,1
142246740 SphereS1 -100,100,-450,0.001
698517192 WeierstrassW1 -0.5,0.5,90,1
1393151890 RosenbrockR1 -30,30,390,1
1934956789 SphereS1 -100,100,-450,0.001
2004299520 SchwefelS1 -100,100,-310,0.01
181486174 WeierstrassW1 -0.5,0.5,90,1
1567848960 RastriginS1 -5,5,-211,1
1101670929 RosenbrockR1 -30,30,390,1
1560843015 GriewankG1 -600,600,-180,1
2079079319 RastriginR1 -5.12,5.12,-330,1
1025299239 RastriginR1 -5.12,5.12,-330,1
135775570 RosenbrockR1 -30,30,390,1
850270110 SchwefelS1 -100,100,-310,0.01
1935841585 GriewankG1 -600,600,-180,1
1262430182 WeierstrassW1 -0.5,0.5,90,1
581520711 RastriginS1 -5,5,-211,1
913674991 SphereS1 -100,100,-450,0.001
2097950323 SchwefelS1 -100,100,-310,0.01
588607893 WeierstrassW1 -0.5,0.5,90,1
1229969895 GriewankG1 -600,600,-180,1
1585079821 RastriginR1 -5.12,5.12,-330,1
364025535 RastriginS1 -5,5,-211,1
1156684010 SphereS1 -100,100,-450,0.001
588979013 RosenbrockR1 -30,30,390,1
561009514 WeierstrassW1 -0.5,0.5,90,1
1831581629 GriewankG1 -600,600,-180,1
1495810273 RosenbrockR1 -30,30,390,1
324607849 SchwefelS1 -100,100,-310,0.01
1053386464 RastriginS1 -5,5,-211,1
1427468670 SphereS1 -100,100,-450,0.001
240449062 RastriginR1 -5.12,5.12,-330,1
140747882 RastriginR1 -5.12,5.12,-330,1
1653820809 GriewankG1 -600,600,-180,1
2129545126 SchwefelS1 -100,100,-310,0.01
812376750 RosenbrockR1 -30,30,390,1
570283654 RastriginS1 -5,5,-211,1
1725122483 WeierstrassW1 -0.5,0.5,90,1
1149496054 SphereS1 -100,100,-450,0.001
1925353725 RastriginR1 -5.12,5.12,-330,1
1877868474 SchwefelS1 -100,100,-310,0.01
1451969363 RastriginS1 -5,5,-211,1
658161551 SphereS1 -100,100,-450,0.001
1301882381 GriewankG1 -600,600,-180,1
1069127889 WeierstrassW1 -0.5,0.5,90,1
1277216347 RosenbrockR1 -30,30,390,1
224619425 GriewankG1 -600,600,-180,1
1614454634 RosenbrockR1 -30,30,390,1
803878377 WeierstrassW1 -0.5,0.5,90,1
165039879 RastriginR1 -5.12,5.12,-330,1
1673314459 RastriginS1 -5,5,-211,1
1852358787 SchwefelS1 -100,100,-310,0.01
870154590 SphereS1 -100,100,-450,0.001
761177850 RosenbrockR1 -30,30,390,1
458708089 WeierstrassW1 -0.5,0.5,90,1
1115336923 SchwefelS1 -100,100,-310,0.01
1257876705 SphereS1 -100,100,-450,0.001
965323432 GriewankG1 -600,600,-180,1
1789814727 RastriginR1 -5.12,5.12,-330,1
1785944403 RastriginS1 -5,5,-211,1
1754672608 SchwefelS1 -100,100,-310,0.01
1410733942 WeierstrassW1 -0.5,0.5,90,1
995716432 GriewankG1 -600,600,-180,1
1171278774 RastriginR1 -5.12,5.12,-330,1
1626939624 RastriginS1 -5,5,-211,1
2012448506 RosenbrockR1 -30,30,390,1
1815880961 SphereS1 -100,100,-450,0.001
1980414745 RastriginR1 -5.12,5.12,-330,1
1454113167 SchwefelS1 -100,100,-310,0.01
288874629 RastriginS1 -5,5,-211,1
708540181 WeierstrassW1 -0.5,0.5,90,1
399819233 SphereS1 -100,100,-450,0.001
1533598160 GriewankG1 -600,600,-180,1
1541222977 RosenbrockR1 -30,30,390,1
988320880 SchwefelS1 -100,100,-310,0.01
2033630846 RosenbrockR1 -30,30,390,1
1021318930 RastriginR1 -5.12,5.12,-330,1
814750392 WeierstrassW1 -0.5,0.5,90,1
1684502016 GriewankG1 -600,600,-180,1
881824609 RastriginS1 -5,5,-211,1
223357224 SphereS1 -100,100,-450,0.001
1592657850 RastriginR1 -5.12,5.12,-330,1
694433237 SphereS1 -100,100,-450,0.001
410139527 SchwefelS1 -100,100,-310,0.01
264443450 GriewankG1 -600,600,-180,1
1173452890 WeierstrassW1 -0.5,0.5,90,1
254762662 RastriginS1 -5,5,-211,1
1238187769 RosenbrockR1 -30,30,390,1
1108203573 RosenbrockR1 -30,30,390,1
790534572 RastriginS1 -5,5,-211,1
1933435456 SphereS1 -100,100,-450,0.001
1036278603 WeierstrassW1 -0.5,0.5,90,1
754358389 RastriginR1 -5.12,5.12,-330,1
1205700432 GriewankG1 -600,600,-180,1
445213097 SchwefelS1 -100,100,-310,0.01
1472512266 WeierstrassW1 -0.5,0.5,90,1
147515942 RastriginS1 -5,5,-211,1
746495913 RastriginR1 -5.12,5.12,-330,1
267119234 SchwefelS1 -100,100,-310,0.01
350614128 GriewankG1 -600,600,-180,1
1250449810 RosenbrockR1 -30,30,390,1
1663452113 SphereS1 -100,100,-450,0.001
1280132691 RosenbrockR1 -30,30,390,1
1994210314 SphereS1 -100,100,-450,0.001
646826548 RastriginR1 -5.12,5.12,-330,1
324927353 GriewankG1 -600,600,-180,1
1682261259 SchwefelS1 -100,100,-310,0.01
164808583 WeierstrassW1 -0.5,0.5,90,1
175361887 RastriginS1 -5,5,-211,1
727062970 RosenbrockR1 -30,30,390,1
1137877631 RastriginR1 -5.12,5.12,-330,1
1921549753 SchwefelS1 -100,100,-310,0.01
1582257567 RastriginS1 -5,5,-211,1
1380036724 WeierstrassW1 -0.5,0.5,90,1
1037414573 SphereS1 -100,100,-450,0.001
603109260 GriewankG1 -600,600,-180,1
1405102144 SphereS1 -100,100,-450,0.001
1516623158 SchwefelS1 -100,100,-310,0.01
2049757518 RastriginS1 -5,5,-211,1
1972901584 RosenbrockR1 -30,30,390,1
1530851060 RastriginR1 -5.12,5.12,-330,1
1481657176 WeierstrassW1 -0.5,0.5,90,1
111529831 GriewankG1 -600,600,-180,1
909867363 SchwefelS1 -100,100,-310,0.01
314073985 RastriginS1 -5,5,-211,1
241615386 GriewankG1 -600,600,-180,1
315105567 RosenbrockR1 -30,30,390,1
1181271424 WeierstrassW1 -0.5,0.5,90,1
1568929526 SphereS1 -100,100,-450,0.001
304255650 RastriginR1 -5.12,5.12,-330,1
621614240 RastriginR1 -5.12,5.12,-330,1
1171371779 RosenbrockR1 -30,30,390,1
128844484 SphereS1 -100,100,-450,0.001
1428843 SchwefelS1 -100,100,-310,0.01
1429132278 RastriginS1 -5,5,-211,1
1612043253 WeierstrassW1 -0.5,0.5,90,1
112625789 GriewankG1 -600,600,-180,1
1989150035 SphereS1 -100,100,-450,0.001
1793559231 SchwefelS1 -100,100,-310,0.01
643300335 WeierstrassW1 -0.5,0.5,90,1
880732275 RastriginS1 -5,5,-211,1
1572701618 GriewankG1 -600,600,-180,1
1115742172 RosenbrockR1 -30,30,390,1
1022918056 RastriginR1 -5.12,5.12,-330,1
1308434592 SchwefelS1 -100,100,-310,0.01
338873064 RosenbrockR1 -30,30,390,1
2026940363 SphereS1 -100,100,-450,0.001
833026537 WeierstrassW1 -0.5,0.5,90,1
1972998644 RastriginS1 -5,5,-211,1
1414907169 GriewankG1 -600,600,-180,1
1182128856 RastriginR1 -5.12,5.12,-330,1
1890076776 RastriginS1 -5,5,-211,1
1617573564 SphereS1 -100,100,-450,0.001
1346873497 WeierstrassW1 -0.5,0.5,90,1
391360536 RosenbrockR1 -30,30,390,1
318099043 GriewankG1 -600,600,-180,1
1295922413 SchwefelS1 -100,100,-310,0.01
450232776 RastriginR1 -5.12,5.12,-330,1
1236240200 RastriginS1 -5,5,-211,1
2085125621 RosenbrockR1 -30,30,390,1
1192790905 WeierstrassW1 -0.5,0.5,90,1
732708855 RastriginR1 -5.12,5.12,-330,1
92808474 GriewankG1 -600,600,-180,1
449588201 SchwefelS1 -100,100,-310,0.01
1703373051 SphereS1 -100,100,-450,0.001
392666839 RastriginR1 -5.12,5.12,-330,1
1969421201 RosenbrockR1 -30,30,390,1
1164798778 WeierstrassW1 -0.5,0.5,90,1
1072869285 RastriginS1 -5,5,-211,1
2061571128 SchwefelS1 -100,100,-310,0.01
1206911709 GriewankG1 -600,600,-180,1
1434771523 SphereS1 -100,100,-450,0.001
851681038 SphereS1 -100,100,-450,0.001
1934631330 RastriginR1 -5.12,5.12,-330,1
1881124819 WeierstrassW1 -0.5,0.5,90,1
1266343019 SchwefelS1 -100,100,-310,0.01
1834321025 GriewankG1 -600,600,-180,1
328200832 RastriginS1 -5,5,-211,1
543410569 RosenbrockR1 -30,30,390,1
873588447 GriewankG1 -600,600,-180,1
109508288 SchwefelS1 -100,100,-310,0.01
2112721956 RastriginS1 -5,5,-211,1
946678652 RosenbrockR1 -30,30,390,1
680384796 RastriginR1 -5.12,5.12,-330,1
1764953368 SphereS1 -100,100,-450,0.001
937896485 WeierstrassW1 -0.5,0.5,90,1
2116137440 RastriginS1 -5,5,-211,1
772917580 RastriginR1 -5.12,5.12,-330,1
1530323101 RosenbrockR1 -30,30,390,1
1841255294 SphereS1 -100,100,-450,0.001
224093664 WeierstrassW1 -0.5,0.5,90,1
1551439445 GriewankG1 -600,600,-180,1
1231669377 SchwefelS1 -100,100,-310,0.01
670591536 RastriginR1 -5.12,5.12,-330,1
405571015 SphereS1 -100,100,-450,0.001
1695153244 GriewankG1 -600,600,-180,1
236209349 SchwefelS1 -100,100,-310,0.01
1622226407 WeierstrassW1 -0.5,0.5,90,1
433653271 RastriginS1 -5,5,-211,1
196715442 RosenbrockR1 -30,30,390,1
1544526643 WeierstrassW1 -0.5,0.5,90,1
1041733944 GriewankG1 -600,600,-180,1
879112818 RastriginS1 -5,5,-211,1
737710341 RosenbrockR1 -30,30,390,1
470595413 RastriginR1 -5.12,5.12,-330,1
1063871321 SchwefelS1 -100,100,-310,0.01
906171012 SphereS1 -100,100,-450,0.001
1407312529 RosenbrockR1 -30,30,390,1
1078408983 SphereS1 -100,100,-450,0.001
2104905139 WeierstrassW1 -0.5,0.5,90,1
285097368 GriewankG1 -600,600,-180,1
1844986234 RastriginR1 -5.12,5.12,-330,1
1969913995 RastriginS1 -5,5,-211,1
146601094 SchwefelS1 -100,100,-310,0.01
1631476411 RosenbrockR1 -30,30,390,1
435626190 RastriginS1 -5,5,-211,1
1055799379 SchwefelS1 -100,100,-310,0.01
149718160 GriewankG1 -600,600,-180,1
238846787 SphereS1 -100,100,-450,0.001
2059508352 RastriginR1 -5.12,5.12,-330,1
1186960650 WeierstrassW1 -0.5,0.5,90,1
1455475231 SchwefelS1 -100,100,-310,0.01
1316016685 RastriginR1 -5.12,5.12,-330,1
1447998550 WeierstrassW1 -0.5,0.5,90,1
1306701878 RosenbrockR1 -30,30,390,1
649266768 RastriginS1 -5,5,-211,1
1555854492 SphereS1 -100,100,-450,0.001
525546098 GriewankG1 -600,600,-180,1
1438314638 SchwefelS1 -100,100,-310,0.01
519820369 RastriginR1 -5.12,5.12,-330,1
1847623100 RosenbrockR1 -30,30,390,1
1920705717 WeierstrassW1 -0.5,0.5,90,1
1340933596 RastriginS1 -5,5,-211,1
1699614253 SphereS1 -100,100,-450,0.001
577968126 GriewankG1 -600,600,-180,1
1753530535 SchwefelS1 -100,100,-310,0.01
1467612850 WeierstrassW1 -0.5,0.5,90,1
1161706226 RastriginS1 -5,5,-211,1
1073893485 GriewankG1 -600,600,-180,1
140504064 RosenbrockR1 -30,30,390,1
1835666040 SphereS1 -100,100,-450,0.001
176475078 RastriginR1 -5.12,5.12,-330,1
109773040 WeierstrassW1 -0.5,0.5,90,1
1080831167 RastriginS1 -5,5,-211,1
828679893 RastriginR1 -5.12,5.12,-330,1
394292814 SchwefelS1 -100,100,-310,0.01
748067799 GriewankG1 -600,600,-180,1
651000388 SphereS1 -100,100,-450,0.001
978940198 RosenbrockR1 -30,30,390,1
1366399859 WeierstrassW1 -0.5,0.5,90,1
633020071 SphereS1 -100,100,-450,0.001
1210946089 RastriginS1 -5,5,-211,1
1604769144 GriewankG1 -600,600,-180,1
215383639 RosenbrockR1 -30,30,390,1
165546468 RastriginR1 -5.12,5.12,-330,1
1449066099 SchwefelS1 -100,100,-310,0.01
10887421 RastriginR1 -5.12,5.12,-330,1
366203385 SphereS1 -100,100,-450,0.001
404279654 GriewankG1 -600,600,-180,1
839626594 RastriginS1 -5,5,-211,1
357047910 SchwefelS1 -100,100,-310,0.01
1661090138 WeierstrassW1 -0.5,0.5,90,1
388887461 RosenbrockR1 -30,30,390,1
1046855326 GriewankG1 -600,600,-180,1
1905961388 SphereS1 -100,100,-450,0.001
598872262 RosenbrockR1 -30,30,390,1
967131718 RastriginS1 -5,5,-211,1
1140319469 SchwefelS1 -100,100,-310,0.01
364689444 WeierstrassW1 -0.5,0.5,90,1
323991972 RastriginR1 -5.12,5.12,-330,1
656853267 RastriginS1 -5,5,-211,1
73991028 SchwefelS1 -100,100,-310,0.01
1920313403 RastriginR1 -5.12,5.12,-330,1
665761743 GriewankG1 -600,600,-180,1
1687190407 SphereS1 -100,100,-450,0.001
1389400490 WeierstrassW1 -0.5,0.5,90,1
278646557 RosenbrockR1 -30,30,390,1
677842172 RastriginR1 -5.12,5.12,-330,1
1507968822 SphereS1 -100,100,-450,0.001
1976412485 RosenbrockR1 -30,30,390,1
548074994 SchwefelS1 -100,100,-310,0.01
861609292 GriewankG1 -600,600,-180,1
1398181034 RastriginS1 -5,5,-211,1
750037253 WeierstrassW1 -0.5,0.5,90,1
1112965137 RastriginR1 -5.12,5.12,-330,1
1158965045 RosenbrockR1 -30,30,390,1
1956843879 SchwefelS1 -100,100,-310,0.01
1928894288 WeierstrassW1 -0.5,0.5,90,1
334252296 RastriginS1 -5,5,-211,1
1495727534 SphereS1 -100,100,-450,0.001
775680618 GriewankG1 -600,600,-180,1
412960938 RastriginS1 -5,5,-211,1
1349839670 GriewankG1 -600,600,-180,1
1206987034 SchwefelS1 -100,100,-310,0.01
136285389 RastriginR1 -5.12,5.12,-330,1
1569163307 SphereS1 -100,100,-450,0.001
846878243 WeierstrassW1 -0.5,0.5,90,1
404656452 RosenbrockR1 -30,30,390,1
561415355 SphereS1 -100,100,-450,0.001
259925716 RastriginS1 -5,5,-211,1
1783589320 RosenbrockR1 -30,30,390,1
2009080328 RastriginR1 -5.12,5.12,-330,1
689040182 SchwefelS1 -100,100,-310,0.01
937593804 GriewankG1 -600,600,-180,1
1469128426 WeierstrassW1 -0.5,0.5,90,1
1699454873 GriewankG1 -600,600,-180,1
2063284883 RastriginR1 -5.12,5.12,-330,1
443711940 WeierstrassW1 -0.5,0.5,90,1
236918931 SphereS1 -100,100,-450,0.001
885862667 RastriginS1 -5,5,-211,1
340806674 SchwefelS1 -100,100,-310,0.01
62452173 RosenbrockR1 -30,30,390,1
2018459089 RastriginR1 -5.12,5.12,-330,1
290120629 SchwefelS1 -100,100,-310,0.01
1572008410 GriewankG1 -600,600,-180,1
821891726 RosenbrockR1 -30,30,390,1
908535182 SphereS1 -100,100,-450,0.001
2028678354 WeierstrassW1 -0.5,0.5,90,1
723832982 RastriginS1 -5,5,-211,1
1794470551 RastriginS1 -5,5,-211,1
1392700948 WeierstrassW1 -0.5,0.5,90,1
18057500 SchwefelS1 -100,100,-310,0.01
501349580 RastriginR1 -5.12,5.12,-330,1
748113113 SphereS1 -100,100,-450,0.001
1866599932 RosenbrockR1 -30,30,390,1
1745584440 GriewankG1 -600,600,-180,1
1181272622 RastriginS1 -5,5,-211,1
1743393376 SphereS1 -100,100,-450,0.001
156651935 RastriginR1 -5.12,5.12,-330,1
1793051459 WeierstrassW1 -0.5,0.5,90,1
787774088 GriewankG1 -600,600,-180,1
404831134 SchwefelS1 -100,100,-310,0.01
1834720358 RosenbrockR1 -30,30,390,1
990581106 RosenbrockR1 -30,30,390,1
1794532359 SphereS1 -100,100,-450,0.001
356640708 WeierstrassW1 -0.5,0.5,90,1
1845696919 GriewankG1 -600,600,-180,1
905522218 RastriginR1 -5.12,5.12,-330,1
551345100 SchwefelS1 -100,100,-310,0.01
608592177 RastriginS1 -5,5,-211,1
1263027213 WeierstrassW1 -0.5,0.5,90,1
836118346 SphereS1 -100,100,-450,0.001
1506334130 SchwefelS1 -100,100,-310,0.01
1871291181 GriewankG1 -600,600,-180,1
1553291439 RastriginS1 -5,5,-211,1
308897208 RastriginR1 -5.12,5.12,-330,1
155310739 RosenbrockR1 -30,30,390,1
1215751966 RosenbrockR1 -30,30,390,1
157534041 GriewankG1 -600,600,-180,1
1014896463 SphereS1 -100,100,-450,0.001
855118763 WeierstrassW1 -0.5,0.5,90,1
1654824458 SchwefelS1 -100,100,-310,0.01
1615322190 RastriginS1 -5,5,-211,1
224360524 RastriginR1 -5.12,5.12,-330,1
1944776588 RosenbrockR1 -30,30,390,1
1869503280 SchwefelS1 -100,100,-310,0.01
614306765 SphereS1 -100,100,-450,0.001
698343007 RastriginS1 -5,5,-211,1
1379002723 WeierstrassW1 -0.5,0.5,90,1
568798525 RastriginR1 -5.12,5.12,-330,1
88852210 GriewankG1 -600,600,-180,1
1458675990 WeierstrassW1 -0.5,0.5,90,1
2017966092 RosenbrockR1 -30,30,390,1
1048226514 SphereS1 -100,100,-450,0.001
407154210 SchwefelS1 -100,100,-310,0.01
295080375 RastriginR1 -5.12,5.12,-330,1
1645990742 GriewankG1 -600,600,-180,1
565425950 RastriginS1 -5,5,-211,1
926697805 RosenbrockR1 -30,30,390,1
36215757 RastriginS1 -5,5,-211,1
2108356335 RastriginR1 -5.12,5.12,-330,1
2115838918 WeierstrassW1 -0.5,0.5,90,1
1307519166 GriewankG1 -600,600,-180,1
631359531 SchwefelS1 -100,100,-310,0.01
1430178782 SphereS1 -100,100,-450,0.001
2107003257 RastriginS1 -5,5,-211,1
745813042 RastriginR1 -5.12,5.12,-330,1
972782844 SphereS1 -100,100,-450,0.001
1704289950 WeierstrassW1 -0.5,0.5,90,1
1366670783 SchwefelS1 -100,100,-310,0.01
1556880622 RosenbrockR1 -30,30,390,1
1411420585 GriewankG1 -600,600,-180,1
897434450 RosenbrockR1 -30,30,390,1
1759155886 SchwefelS1 -100,100,-310,0.01
1770971983 RastriginS1 -5,5,-211,1
284923407 SphereS1 -100,100,-450,0.001
74898845 WeierstrassW1 -0.5,0.5,90,1
273287247 RastriginR1 -5.12,5.12,-330,1
1528117698 GriewankG1 -600,600,-180,1
1910791914 WeierstrassW1 -0.5,0.5,90,1
332295805 SphereS1 -100,100,-450,0.001
2131286584 SchwefelS1 -100,100,-310,0.01
59400233 RastriginR1 -5.12,5.12,-330,1
2039717594 GriewankG1 -600,600,-180,1
2130211195 RosenbrockR1 -30,30,390,1
945012803 RastriginS1 -5,5,-211,1
785289900 SchwefelS1 -100,100,-310,0.01
8917773 GriewankG1 -600,600,-180,1
2100069473 RastriginS1 -5,5,-211,1
46438251 WeierstrassW1 -0.5,0.5,90,1
947857176 RosenbrockR1 -30,30,390,1
614813920 RastriginR1 -5.12,5.12,-330,1
2082884550 SphereS1 -100,100,-450,0.001
792498168 RastriginR1 -5.12,5.12,-330,1
1652792236 SchwefelS1 -100,100,-310,0.01
294580281 GriewankG1 -600,600,-180,1
351435632 WeierstrassW1 -0.5,0.5,90,1
673731828 RosenbrockR1 -30,30,390,1
885656880 SphereS1 -100,100,-450,0.001
1497100184 RastriginS1 -5,5,-211,1
1969416656 SphereS1 -100,100,-450,0.001
883588230 RastriginS1 -5,5,-211,1
1859621910 SchwefelS1 -100,100,-310,0.01
1756426288 RosenbrockR1 -30,30,390,1
125206110 WeierstrassW1 -0.5,0.5,90,1
441972093 GriewankG1 -600,600,-180,1
1333556846 RastriginR1 -5.12,5.12,-330,1
633206518 RastriginS1 -5,5,-211,1
1716303342 RastriginR1 -5.12,5.12,-330,1
1507182172 SchwefelS1 -100,100,-310,0.01
1358015360 GriewankG1 -600,600,-180,1
657727600 RosenbrockR1 -30,30,390,1
154520703 SphereS1 -100,100,-450,0.001
1927603439 WeierstrassW1 -0.5,0.5,90,1
1854640275 GriewankG1 -600,600,-180,1
845787500 RosenbrockR1 -30,30,390,1
197105785 WeierstrassW1 -0.5,0.5,90,1
1704308270 RastriginR1 -5.12,5.12,-330,1
566715269 SphereS1 -100,100,-450,0.001
1684018750 SchwefelS1 -100,100,-310,0.01
747211182 RastriginS1 -5,5,-211,1
1055148861 RastriginS1 -5,5,-211,1
1306053456 RastriginR1 -5.12,5.12,-330,1
588751923 WeierstrassW1 -0.5,0.5,90,1
206515610 SphereS1 -100,100,-450,0.001
1746060501 GriewankG1 -600,600,-180,1
1370740976 SchwefelS1 -100,100,-310,0.01
578641717 RosenbrockR1 -30,30,390,1
42547795 RosenbrockR1 -30,30,390,1
1261767292 RastriginR1 -5.12,5.12,-330,1
484866678 RastriginS1 -5,5,-211,1
2070931062 SphereS1 -100,100,-450,0.001
1890948200 GriewankG1 -600,600,-180,1
2142614479 SchwefelS1 -100,100,-310,0.01
1345738177 WeierstrassW1 -0.5,0.5,90,1
1379091041 SphereS1 -100,100,-450,0.001
938393693 RastriginS1 -5,5,-211,1
1141064530 RastriginR1 -5.12,5.12,-330,1
1227157686 GriewankG1 -600,600,-180,1
561897331 RosenbrockR1 -30,30,390,1
235952145 SchwefelS1 -100,100,-310,0.01
1783455189 WeierstrassW1 -0.5,0.5,90,1
1113207238 RastriginR1 -5.12,5.12,-330,1
885498969 RastriginS1 -5,5,-211,1
1685251774 SphereS1 -100,100,-450,0.001
1110584855 RosenbrockR1 -30,30,390,1
686717711 WeierstrassW1 -0.5,0.5,90,1
1556943164 SchwefelS1 -100,100,-310,0.01
1455993153 GriewankG1 -600,600,-180,1
718067274 RastriginR1 -5.12,5.12,-330,1
779665846 GriewankG1 -600,600,-180,1
85370554 RastriginS1 -5,5,-211,1
675665960 WeierstrassW1 -0.5,0.5,90,1
1000649720 SchwefelS1 -100,100,-310,0.01
395248330 RosenbrockR1 -30,30,390,1
688316185 SphereS1 -100,100,-450,0.001
1014855170 RastriginS1 -5,5,-211,1
2008861477 RosenbrockR1 -30,30,390,1
2059249699 GriewankG1 -600,600,-180,1
557938574 SchwefelS1 -100,100,-310,0.01
1009223184 SphereS1 -100,100,-450,0.001
154654559 RastriginR1 -5.12,5.12,-330,1
1039672415 WeierstrassW1 -0.5,0.5,90,1
1506548691 RosenbrockR1 -30,30,390,1
1531699977 GriewankG1 -600,600,-180,1
266173898 SchwefelS1 -100,100,-310,0.01
1843066339 RastriginR1 -5.12,5.12,-330,1
685207352 WeierstrassW1 -0.5,0.5,90,1
1725999055 RastriginS1 -5,5,-211,1
1007844790 SphereS1 -100,100,-450,0.001
2012594614 RastriginS1 -5,5,-211,1
965983974 WeierstrassW1 -0.5,0.5,90,1
498242642 RastriginR1 -5.12,5.12,-330,1
1036575421 RosenbrockR1 -30,30,390,1
1605207088 SchwefelS1 -100,100,-310,0.01
1880612724 SphereS1 -100,100,-450,0.001
1034326906 GriewankG1 -600,600,-180,1
422502968 WeierstrassW1 -0.5,0.5,90,1
1457030697 RastriginR1 -5.12,5.12,-330,1
2085818596 GriewankG1 -600,600,-180,1
1846222445 RastriginS1 -5,5,-211,1
2125395077 SchwefelS1 -100,100,-310,0.01
128658795 SphereS1 -100,100,-450,0.001
905015293 RosenbrockR1 -30,30,390,1
1862579675 RastriginR1 -5.12,5.12,-330,1
1173322560 RosenbrockR1 -30,30,390,1
1039033503 RastriginS1 -5,5,-211,1
1517341715 SchwefelS1 -100,100,-310,0.01
1274422222 SphereS1 -100,100,-450,0.001
677072951 GriewankG1 -600,600,-180,1
1835754168 WeierstrassW1 -0.5,0.5,90,1
1475954090 RosenbrockR1 -30,30,390,1
759912480 SchwefelS1 -100,100,-310,0.01
752020664 WeierstrassW1 -0.5,0.5,90,1
295952071 GriewankG1 -600,600,-180,1
1293420068 RastriginR1 -5.12,5.12,-330,1
196251810 RastriginS1 -5,5,-211,1
535668309 SphereS1 -100,100,-450,0.001
69272577 RastriginS1 -5,5,-211,1
858897453 RosenbrockR1 -30,30,390,1
176697935 SchwefelS1 -100,100,-310,0.01
422264149 WeierstrassW1 -0.5,0.5,90,1
308866305 SphereS1 -100,100,-450,0.001
1956135981 GriewankG1 -600,600,-180,1
1423150337 RastriginR1 -5.12,5.12,-330,1
1940948296 SphereS1 -100,100,-450,0.001
1498281725 RosenbrockR1 -30,30,390,1
2120456611 SchwefelS1 -100,100,-310,0.01
993693201 RastriginR1 -5.12,5.12,-330,1
1041495476 WeierstrassW1 -0.5,0.5,90,1
465271176 GriewankG1 -600,600,-180,1
1990422609 RastriginS1 -5,5,-211,1
1723455095 RastriginS1 -5,5,-211,1
2143374409 RosenbrockR1 -30,30,390,1
1974069684 SphereS1 -100,100,-450,0.001
258762153 WeierstrassW1 -0.5,0.5,90,1
220928241 SchwefelS1 -100,100,-310,0.01
1266326047 GriewankG1 -600,600,-180,1
1760034436 RastriginR1 -5.12,5.12,-330,1
643508299 GriewankG1 -600,600,-180,1
1752286415 RastriginR1 -5.12,5.12,-330,1
85745257 SchwefelS1 -100,100,-310,0.01
1830761687 WeierstrassW1 -0.5,0.5,90,1
1389026928 RosenbrockR1 -30,30,390,1
1211180459 SphereS1 -100,100,-450,0.001
1661215361 RastriginS1 -5,5,-211,1
478717000 SchwefelS1 -100,100,-310,0.01
474383872 GriewankG1 -600,600,-180,1
311582307 RastriginR1 -5.12,5.12,-330,1
2042030136 WeierstrassW1 -0.5,0.5,90,1
602503382 SphereS1 -100,100,-450,0.001
1872662372 RastriginS1 -5,5,-211,1
109255307 RosenbrockR1 -30,30,390,1
630618070 WeierstrassW1 -0.5,0.5,90,1
578984649 GriewankG1 -600,600,-180,1
1928452585 SphereS1 -100,100,-450,0.001
1217817338 SchwefelS1 -100,100,-310,0.01
959023860 RastriginR1 -5.12,5.12,-330,1
1194094101 RosenbrockR1 -30,30,390,1
1964982322 RastriginS1 -5,5,-211,1
1908763662 SchwefelS1 -100,100,-310,0.01
1945530582 RosenbrockR1 -30,30,390,1
1436560200 GriewankG1 -600,600,-180,1
1872310615 SphereS1 -100,100,-450,0.001
736485693 RastriginS1 -5,5,-211,1
1433024821 RastriginR1 -5.12,5.12,-330,1
812726488 WeierstrassW1 -0.5,0.5,90,1
1015164924 RosenbrockR1 -30,30,390,1
102592922 RastriginR1 -5.12,5.12,-330,1
1686991030 RastriginS1 -5,5,-211,1
2112118506 GriewankG1 -600,600,-180,1
915132803 WeierstrassW1 -0.5,0.5,90,1
1885607227 SchwefelS1 -100,100,-310,0.01
418228349 SphereS1 -100,100,-450,0.001
1374040997 SphereS1 -100,100,-450,0.001
1340411838 SchwefelS1 -100,100,-310,0.01
711486289 GriewankG1 -600,600,-180,1
910024343 RosenbrockR1 -30,30,390,1
937519672 RastriginS1 -5,5,-211,1
1495651603 WeierstrassW1 -0.5,0.5,90,1
1130532912 RastriginR1 -5.12,5.12,-330,1
1465687055 SphereS1 -100,100,-450,0.001
590680366 GriewankG1 -600,600,-180,1
1239205434 RastriginR1 -5.12,5.12,-330,1
107044910 WeierstrassW1 -0.5,0.5,90,1
562537528 RastriginS1 -5,5,-211,1
697669776 RosenbrockR1 -30,30,390,1
1760689916 SchwefelS1 -100,100,-310,0.01
2129101383 RosenbrockR1 -30,30,390,1
1974230 GriewankG1 -600,600,-180,1
2117310753 WeierstrassW1 -0.5,0.5,90,1
1715063556 SchwefelS1 -100,100,-310,0.01
1499385913 RastriginR1 -5.12,5.12,-330,1
1553543242 RastriginS1 -5,5,-211,1
85327816 SphereS1 -100,100,-450,0.001
630253139 RosenbrockR1 -30,30,390,1
902223351 RastriginS1 -5,5,-211,1
2040316904 GriewankG1 -600,600,-180,1
956393051 WeierstrassW1 -0.5,0.5,90,1
107822548 SphereS1 -100,100,-450,0.001
1601617554 SchwefelS1 -100,100,-310,0.01
244225468 RastriginR1 -5.12,5.12,-330,1
1442471920 RosenbrockR1 -30,30,390,1
2126948078 WeierstrassW1 -0.5,0.5,90,1
371069872 RastriginS1 -5,5,-211,1
1230396008 GriewankG1 -600,600,-180,1
121834050 RastriginR1 -5.12,5.12,-330,1
554416217 SphereS1 -100,100,-450,0.001
870465862 SchwefelS1 -100,100,-310,0.01
2116150416 SphereS1 -100,100,-450,0.001
2006049200 RastriginR1 -5.12,5.12,-330,1
795346032 RosenbrockR1 -30,30,390,1
1924015083 RastriginS1 -5,5,-211,1
582487331 GriewankG1 -600,600,-180,1
1719932191 WeierstrassW1 -0.5,0.5,90,1
514909080 SchwefelS1 -100,100,-310,0.01
1274548445 GriewankG1 -600,600,-180,1
955991371 RastriginR1 -5.12,5.12,-330,1
1562557287 WeierstrassW1 -0.5,0.5,90,1
700187022 SchwefelS1 -100,100,-310,0.01
433618191 SphereS1 -100,100,-450,0.001
1027965074 RosenbrockR1 -30,30,390,1
2026740260 RastriginS1 -5,5,-211,1
316327046 SphereS1 -100,100,-450,0.001
1865876637 SchwefelS1 -100,100,-310,0.01
914437389 RosenbrockR1 -30,30,390,1
2713793 RastriginR1 -5.12,5.12,-330,1
1546843338 RastriginS1 -5,5,-211,1
1640646650 GriewankG1 -600,600,-180,1
2011466116 WeierstrassW1 -0.5,0.5,90,1
816618476 RosenbrockR1 -30,30,390,1
1704945994 RastriginR1 -5.12,5.12,-330,1
811390356 GriewankG1 -600,600,-180,1
641695130 RastriginS1 -5,5,-211,1
2010163563 SchwefelS1 -100,100,-310,0.01
1475942073 SphereS1 -100,100,-450,0.001
1796174904 WeierstrassW1 -0.5,0.5,90,1
888521553 GriewankG1 -600,600,-180,1
98463246 RastriginR1 -5.12,5.12,-330,1
1737793228 SphereS1 -100,100,-450,0.001
1143158399 RastriginS1 -5,5,-211,1
66688049 WeierstrassW1 -0.5,0.5,90,1
475799899 RosenbrockR1 -30,30,390,1
1474175333 SchwefelS1 -100,100,-310,0.01
87365438 SchwefelS1 -100,100,-310,0.01
1393100317 SphereS1 -100,100,-450,0.001
870424573 RastriginS1 -5,5,-211,1
428796306 RosenbrockR1 -30,30,390,1
2123730841 RastriginR1 -5.12,5.12,-330,1
485933614 GriewankG1 -600,600,-180,1
885575665 WeierstrassW1 -0.5,0.5,90,1
89830814 SphereS1 -100,100,-450,0.001
143342556 WeierstrassW1 -0.5,0.5,90,1
968254723 GriewankG1 -600,600,-180,1
907812649 SchwefelS1 -100,100,-310,0.01
464016069 RastriginS1 -5,5,-211,1
1203617190 RastriginR1 -5.12,5.12,-330,1
1644492422 RosenbrockR1 -30,30,390,1
1220126566 SphereS1 -100,100,-450,0.001
1177449348 WeierstrassW1 -0.5,0.5,90,1
1976649313 SchwefelS1 -100,100,-310,0.01
1965015020 RosenbrockR1 -30,30,390,1
1923989502 GriewankG1 -600,600,-180,1
730716232 RastriginR1 -5.12,5.12,-330,1
124774355 RastriginS1 -5,5,-211,1
456141328 GriewankG1 -600,600,-180,1
2035348571 SphereS1 -100,100,-450,0.001
1627980928 SchwefelS1 -100,100,-310,0.01
1488301534 WeierstrassW1 -0.5,0.5,90,1
1208111878 RastriginR1 -5.12,5.12,-330,1
1269829591 RastriginS1 -5,5,-211,1
1813733830 RosenbrockR1 -30,30,390,1
1938323968 SphereS1 -100,100,-450,0.001
1169807626 GriewankG1 -600,600,-180,1
1187565184 SchwefelS1 -100,100,-310,0.01
298235330 RastriginR1 -5.12,5.12,-330,1
230419039 RastriginS1 -5,5,-211,1
1023400202 RosenbrockR1 -30,30,390,1
990049596 WeierstrassW1 -0.5,0.5,90,1
513205840 RastriginR1 -5.12,5.12,-330,1
1999482671 SphereS1 -100,100,-450,0.001
772862766 RastriginS1 -5,5,-211,1
1306619112 WeierstrassW1 -0.5,0.5,90,1
2099366520 SchwefelS1 -100,100,-310,0.01
308517538 RosenbrockR1 -30,30,390,1
1944008521 GriewankG1 -600,600,-180,1
1134200361 RastriginS1 -5,5,-211,1
612036308 WeierstrassW1 -0.5,0.5,90,1
1663460815 SphereS1 -100,100,-450,0.001
225082400 RastriginR1 -5.12,5.12,-330,1
378799699 GriewankG1 -600,600,-180,1
1463887305 RosenbrockR1 -30,30,390,1
1561022183 SchwefelS1 -100,100,-310,0.01
1661141829 RastriginR1 -5.12,5.12,-330,1
1595928014 SchwefelS1 -100,100,-310,0.01
830553743 GriewankG1 -600,600,-180,1
1406648989 RastriginS1 -5,5,-211,1
1702906527 SphereS1 -100,100,-450,0.001
1127933184 WeierstrassW1 -0.5,0.5,90,1
1358222774 RosenbrockR1 -30,30,390,1
878640145 RosenbrockR1 -30,30,390,1
365871856 GriewankG1 -600,600,-180,1
644518454 RastriginS1 -5,5,-211,1
655628949 SphereS1 -100,100,-450,0.001
82001688 SchwefelS1 -100,100,-310,0.01
203911389 WeierstrassW1 -0.5,0.5,90,1
1949728896 RastriginR1 -5.12,5.12,-330,1
1787382735 SphereS1 -100,100,-450,0.001
1823875075 RosenbrockR1 -30,30,390,1
1645727132 SchwefelS1 -100,100,-310,0.01
356936552 WeierstrassW1 -0.5,0.5,90,1
539551523 GriewankG1 -600,600,-180,1
311512539 RastriginR1 -5.12,5.12,-330,1
1460418242 RastriginS1 -5,5,-211,1
361259541 SphereS1 -100,100,-450,0.001
1712297026 RosenbrockR1 -30,30,390,1
2094815479 GriewankG1 -600,600,-180,1
789442251 SchwefelS1 -100,100,-310,0.01
1424975576 RastriginS1 -5,5,-211,1
278211286 RastriginR1 -5.12,5.12,-330,1
712083098 WeierstrassW1 -0.5,0.5,90,1
2124137686 RastriginR1 -5.12,5.12,-330,1
1497023706 RosenbrockR1 -30,30,390,1
225046134 SchwefelS1 -100,100,-310,0.01
1737103470 SphereS1 -100,100,-450,0.001
584398090 WeierstrassW1 -0.5,0.5,90,1
1350747237 RastriginS1 -5,5,-211,1
1231324500 GriewankG1 -600,600,-180,1
2072092816 RastriginR1 -5.12,5.12,-330,1
1286903082 RastriginS1 -5,5,-211,1
414278268 GriewankG1 -600,600,-180,1
573751206 SchwefelS1 -100,100,-310,0.01
1470000719 SphereS1 -100,100,-450,0.001
677636406 WeierstrassW1 -0.5,0.5,90,1
586403536 RosenbrockR1 -30,30,390,1
905491378 RastriginR1 -5.12,5.12,-330,1
359245819 WeierstrassW1 -0.5,0.5,90,1
1725817273 SchwefelS1 -100,100,-310,0.01
465442903 SphereS1 -100,100,-450,0.001
1848746308 GriewankG1 -600,600,-180,1
1642255177 RosenbrockR1 -30,30,390,1
1634145517 RastriginS1 -5,5,-211,1
483826304 RastriginR1 -5.12,5.12,-330,1
1024523531 SphereS1 -100,100,-450,0.001
1873564903 GriewankG1 -600,600,-180,1
1337073133 WeierstrassW1 -0.5,0.5,90,1
407776374 SchwefelS1 -100,100,-310,0.01
285477748 RastriginS1 -5,5,-211,1
435504999 RosenbrockR1 -30,30,390,1
90827449 WeierstrassW1 -0.5,0.5,90,1
1250965964 SchwefelS1 -100,100,-310,0.01
72608105 RastriginR1 -5.12,5.12,-330,1
2081601380 RastriginS1 -5,5,-211,1
139599842 RosenbrockR1 -30,30,390,1
749685937 GriewankG1 -600,600,-180,1
209571474 SphereS1 -100,100,-450,0.001
1530294948 SchwefelS1 -100,100,-310,0.01
683528051 RastriginS1 -5,5,-211,1
104124457 RosenbrockR1 -30,30,390,1
329545069 SphereS1 -100,100,-450,0.001
744710695 RastriginR1 -5.12,5.12,-330,1
424876361 WeierstrassW1 -0.5,0.5,90,1
697289038 GriewankG1 -600,600,-180,1
220281837 GriewankG1 -600,600,-180,1
22359900 SchwefelS1 -100,100,-310,0.01
911205534 RosenbrockR1 -30,30,390,1
828843323 SphereS1 -100,100,-450,0.001
1833491062 RastriginS1 -5,5,-211,1
872898457 WeierstrassW1 -0.5,0.5,90,1
299953980 RastriginR1 -5.12,5.12,-330,1
1841458448 RosenbrockR1 -30,30,390,1
392916430 RastriginR1 -5.12,5.12,-330,1
63787584 SphereS1 -100,100,-450,0.001
970807591 RastriginS1 -5,5,-211,1
1162263962 SchwefelS1 -100,100,-310,0.01
1051509869 GriewankG1 -600,600,-180,1
1318777827 WeierstrassW1 -0.5,0.5,90,1
78370079 WeierstrassW1 -0.5,0.5,90,1
1811831580 GriewankG1 -600,600,-180,1
259570874 SchwefelS1 -100,100,-310,0.01
1338357613 SphereS1 -100,100,-450,0.001
1737454258 RastriginS1 -5,5,-211,1
2075437785 RosenbrockR1 -30,30,390,1
226330161 RastriginR1 -5.12,5.12,-330,1
1054893478 WeierstrassW1 -0.5,0.5,90,1
609501796 RastriginR1 -5.12,5.12,-330,1
1729200113 GriewankG1 -600,600,-180,1
2548534 RosenbrockR1 -30,30,390,1
2135342552 SchwefelS1 -100,100,-310,0.01
557572952 SphereS1 -100,100,-450,0.001
1284690966 RastriginS1 -5,5,-211,1
1746386437 SchwefelS1 -100,100,-310,0.01
2055615709 RastriginS1 -5,5,-211,1
1826662221 GriewankG1 -600,600,-180,1
1695536479 RastriginR1 -5.12,5.12,-330,1
762845875 SphereS1 -100,100,-450,0.001
957059604 RosenbrockR1 -30,30,390,1
152900638 WeierstrassW1 -0.5,0.5,90,1
1912535731 RastriginS1 -5,5,-211,1
1909460070 GriewankG1 -600,600,-180,1
2091875773 SphereS1 -100,100,-450,0.001
1544010916 RastriginR1 -5.12,5.12,-330,1
1565573825 SchwefelS1 -100,100,-310,0.01
510891989 RosenbrockR1 -30,30,390,1
1924599704 WeierstrassW1 -0.5,0.5,90,1
1678807946 RosenbrockR1 -30,30,390,1
1446203602 SphereS1 -100,100,-450,0.001
30702453 RastriginR1 -5.12,5.12,-330,1
698419495 SchwefelS1 -100,100,-310,0.01
1351170172 RastriginS1 -5,5,-211,1
1429407763 GriewankG1 -600,600,-180,1
627328436 WeierstrassW1 -0.5,0.5,90,1
755161594 RastriginS1 -5,5,-211,1
2070261598 SchwefelS1 -100,100,-310,0.01
574805371 RastriginR1 -5.12,5.12,-330,1
794287997 RosenbrockR1 -30,30,390,1
1666212928 GriewankG1 -600,600,-180,1
1898619376 WeierstrassW1 -0.5,0.5,90,1
1350007754 SphereS1 -100,100,-450,0.001
1687329347 RastriginR1 -5.12,5.12,-330,1
272278396 WeierstrassW1 -0.5,0.5,90,1
1898778548 SphereS1 -100,100,-450,0.001
1522884438 RosenbrockR1 -30,30,390,1
978103812 RastriginS1 -5,5,-211,1
234349730 GriewankG1 -600,600,-180,1
1898385637 SchwefelS1 -100,100,-310,0.01
1971018101 GriewankG1 -600,600,-180,1
1126173850 RastriginR1 -5.12,5.12,-330,1
1017873788 SphereS1 -100,100,-450,0.001
2076203130 SchwefelS1 -100,100,-310,0.01
1479913278 RastriginS1 -5,5,-211,1
1893000177 WeierstrassW1 -0.5,0.5,90,1
783371610 RosenbrockR1 -30,30,390,1
1297026580 RastriginS1 -5,5,-211,1
379287312 WeierstrassW1 -0.5,0.5,90,1
220959508 RosenbrockR1 -30,30,390,1
671895768 SphereS1 -100,100,-450,0.001
19758150 SchwefelS1 -100,100,-310,0.01
1093073441 GriewankG1 -600,600,-180,1
1742368213 RastriginR1 -5.12,5.12,-330,1
1358249427 GriewankG1 -600,600,-180,1
336840251 RastriginS1 -5,5,-211,1
191131884 RosenbrockR1 -30,30,390,1
2048014090 WeierstrassW1 -0.5,0.5,90,1
1347381705 RastriginR1 -5.12,5.12,-330,1
1760733888 SphereS1 -100,100,-450,0.001
1993788736 SchwefelS1 -100,100,-310,0.01
214733183 WeierstrassW1 -0.5,0.5,90,1
970958941 GriewankG1 -600,600,-180,1
1466191389 RosenbrockR1 -30,30,390,1
253144032 RastriginR1 -5.12,5.12,-330,1
1284234469 SphereS1 -100,100,-450,0.001
1585258929 SchwefelS1 -100,100,-310,0.01
1983935819 RastriginS1 -5,5,-211,1
1275640621 RastriginS1 -5,5,-211,1
1470176135 GriewankG1 -600,600,-180,1
1161104104 RosenbrockR1 -30,30,390,1
2017839678 WeierstrassW1 -0.5,0.5,90,1
1436198458 SphereS1 -100,100,-450,0.001
1105176470 RastriginR1 -5.12,5.12,-330,1
1175622235 SchwefelS1 -100,100,-310,0.01
106112744 SchwefelS1 -100,100,-310,0.01
440946529 WeierstrassW1 -0.5,0.5,90,1
1776181403 RosenbrockR1 -30,30,390,1
32193725 RastriginS1 -5,5,-211,1
858474962 RastriginR1 -5.12,5.12,-330,1
1836132411 SphereS1 -100,100,-450,0.001
1113255578 GriewankG1 -600,600,-180,1
503379429 GriewankG1 -600,600,-180,1
906994722 WeierstrassW1 -0.5,0.5,90,1
519068781 RastriginS1 -5,5,-211,1
1954911062 RosenbrockR1 -30,30,390,1
1491476981 RastriginR1 -5.12,5.12,-330,1
1381509633 SchwefelS1 -100,100,-310,0.01
1129489579 SphereS1 -100,100,-450,0.001
751167758 SchwefelS1 -100,100,-310,0.01
532852126 RastriginS1 -5,5,-211,1
340435303 SphereS1 -100,100,-450,0.001
1763386421 RosenbrockR1 -30,30,390,1
2130714794 GriewankG1 -600,600,-180,1
639274429 RastriginR1 -5.12,5.12,-330,1
1494247767 WeierstrassW1 -0.5,0.5,90,1
1824455617 RastriginS1 -5,5,-211,1
1475136988 WeierstrassW1 -0.5,0.5,90,1
1767214840 SphereS1 -100,100,-450,0.001
301844511 SchwefelS1 -100,100,-310,0.01
466593571 RastriginR1 -5.12,5.12,-330,1
1418045075 GriewankG1 -600,600,-180,1
44989109 RosenbrockR1 -30,30,390,1
1583817002 SphereS1 -100,100,-450,0.001
1869578413 GriewankG1 -600,600,-180,1
816245843 RastriginR1 -5.12,5.12,-330,1
438552880 RosenbrockR1 -30,30,390,1
1058063711 SchwefelS1 -100,100,-310,0.01
1606697381 RastriginS1 -5,5,-211,1
1221319073 WeierstrassW1 -0.5,0.5,90,1
292098654 WeierstrassW1 -0.5,0.5,90,1
2075703598 RosenbrockR1 -30,30,390,1
2010570717 SphereS1 -100,100,-450,0.001
810629412 RastriginR1 -5.12,5.12,-330,1
908958452 SchwefelS1 -100,100,-310,0.01
1858967772 GriewankG1 -600,600,-180,1
310284875 RastriginS1 -5,5,-211,1
1958053171 RosenbrockR1 -30,30,390,1
1680904263 RastriginR1 -5.12,5.12,-330,1
428815879 GriewankG1 -600,600,-180,1
1453334805 SphereS1 -100,100,-450,0.001
1103686379 RastriginS1 -5,5,-211,1
1740015821 WeierstrassW1 -0.5,0.5,90,1
1432985554 SchwefelS1 -100,100,-310,0.01
1414245485 WeierstrassW1 -0.5,0.5,90,1
47410686 SchwefelS1 -100,100,-310,0.01
928640074 RosenbrockR1 -30,30,390,1
1192707748 RastriginS1 -5,5,-211,1
2030251527 RastriginR1 -5.12,5.12,-330,1
1545773374 SphereS1 -100,100,-450,0.001
2005413695 GriewankG1 -600,600,-180,1
490163914 SphereS1 -100,100,-450,0.001
1415529237 WeierstrassW1 -0.5,0.5,90,1
1057440019 GriewankG1 -600,600,-180,1
216135568 RosenbrockR1 -30,30,390,1
400722213 SchwefelS1 -100,100,-310,0.01
327520765 RastriginS1 -5,5,-211,1
299409972 RastriginR1 -5.12,5.12,-330,1
846826280 WeierstrassW1 -0.5,0.5,90,1
1973065981 RastriginR1 -5.12,5.12,-330,1
709464542 RosenbrockR1 -30,30,390,1
791007569 GriewankG1 -600,600,-180,1
1567172185 RastriginS1 -5,5,-211,1
1124443749 SchwefelS1 -100,100,-310,0.01
1515176666 SphereS1 -100,100,-450,0.001
88267357 SphereS1 -100,100,-450,0.001
1926632367 RastriginR1 -5.12,5.12,-330,1
64321609 WeierstrassW1 -0.5,0.5,90,1
1266715812 SchwefelS1 -100,100,-310,0.01
1519561132 GriewankG1 -600,600,-180,1
954277423 RastriginS1 -5,5,-211,1
999018907 RosenbrockR1 -30,30,390,1
1222344389 SphereS1 -100,100,-450,0.001
92406951 SchwefelS1 -100,100,-310,0.01
1792565675 WeierstrassW1 -0.5,0.5,90,1
1614531687 RastriginS1 -5,5,-211,1
370082935 RastriginR1 -5.12,5.12,-330,1
1965207128 RosenbrockR1 -30,30,390,1
1552882849 GriewankG1 -600,600,-180,1
1268167897 SphereS1 -100,100,-450,0.001
758852104 WeierstrassW1 -0.5,0.5,90,1
327159053 RastriginS1 -5,5,-211,1
312601816 RastriginR1 -5.12,5.12,-330,1
344880414 GriewankG1 -600,600,-180,1
1463968414 SchwefelS1 -100,100,-310,0.01
949279568 RosenbrockR1 -30,30,390,1
1951568208 GriewankG1 -600,600,-180,1
100598003 RastriginR1 -5.12,5.12,-330,1
27706379 SchwefelS1 -100,100,-310,0.01
1196606283 WeierstrassW1 -0.5,0.5,90,1
1242354513 SphereS1 -100,100,-450,0.001
1197449308 RosenbrockR1 -30,30,390,1
1847068034 RastriginS1 -5,5,-211,1
1035866434 SphereS1 -100,100,-450,0.001
1001856710 RosenbrockR1 -30,30,390,1
1210830923 SchwefelS1 -100,100,-310,0.01
1826442183 RastriginS1 -5,5,-211,1
1233614996 RastriginR1 -5.12,5.12,-330,1
1343142674 GriewankG1 -600,600,-180,1
1108101514 WeierstrassW1 -0.5,0.5,90,1
1649007501 RosenbrockR1 -30,30,390,1
27623280 RastriginS1 -5,5,-211,1
90674788 SchwefelS1 -100,100,-310,0.01
1796103400 RastriginR1 -5.12,5.12,-330,1
1707489222 GriewankG1 -600,600,-180,1
109531801 WeierstrassW1 -0.5,0.5,90,1
1670403728 SphereS1 -100,100,-450,0.001
363053825 RosenbrockR1 -30,30,390,1
567310282 WeierstrassW1 -0.5,0.5,90,1
1315085428 RastriginS1 -5,5,-211,1
1759408840 SchwefelS1 -100,100,-310,0.01
1680541632 RastriginR1 -5.12,5.12,-330,1
2072090938 GriewankG1 -600,600,-180,1
1600047741 SphereS1 -100,100,-450,0.001
990186860 RastriginR1 -5.12,5.12,-330,1
1235224233 RastriginS1 -5,5,-211,1
1484704245 SphereS1 -100,100,-450,0.001
668908985 SchwefelS1 -100,100,-310,0.01
866523254 RosenbrockR1 -30,30,390,1
145988004 WeierstrassW1 -0.5,0.5,90,1
589536903 GriewankG1 -600,600,-180,1
76290131 GriewankG1 -600,600,-180,1
561880393 RastriginR1 -5.12,5.12,-330,1
1000160982 RosenbrockR1 -30,30,390,1
1704085546 RastriginS1 -5,5,-211,1
1918457392 WeierstrassW1 -0.5,0.5,90,1
508114553 SchwefelS1 -100,100,-310,0.01
1119756389 SphereS1 -100,100,-450,0.001
1389579657 RastriginS1 -5,5,-211,1
1077009908 SchwefelS1 -100,100,-310,0.01
649346684 RastriginR1 -5.12,5.12,-330,1
1932063220 RosenbrockR1 -30,30,390,1
248419739 SphereS1 -100,100,-450,0.001
1322053029 GriewankG1 -600,600,-180,1
1411727241 WeierstrassW1 -0.5,0.5,90,1
129726571 RastriginR1 -5.12,5.12,-330,1
1715567940 GriewankG1 -600,600,-180,1
2030886426 RosenbrockR1 -30,30,390,1
2027256269 SphereS1 -100,100,-450,0.001
486812170 WeierstrassW1 -0.5,0.5,90,1
618456529 RastriginS1 -5,5,-211,1
1881839374 SchwefelS1 -100,100,-310,0.01
1684157756 RosenbrockR1 -30,30,390,1
1830313850 RastriginR1 -5.12,5.12,-330,1
1936246901 WeierstrassW1 -0.5,0.5,90,1
10746623 SphereS1 -100,100,-450,0.001
960367152 SchwefelS1 -100,100,-310,0.01
437304088 RastriginS1 -5,5,-211,1
62538303 GriewankG1 -600,600,-180,1
1558358732 WeierstrassW1 -0.5,0.5,90,1
527711026 RastriginR1 -5.12,5.12,-330,1
553562098 RosenbrockR1 -30,30,390,1
970268644 RastriginS1 -5,5,-211,1
44801196 SchwefelS1 -100,100,-310,0.01
1081216143 GriewankG1 -600,600,-180,1
1918981963 SphereS1 -100,100,-450,0.001
1740050738 GriewankG1 -600,600,-180,1
2073003459 SphereS1 -100,100,-450,0.001
1462096459 RastriginS1 -5,5,-211,1
372676052 RastriginR1 -5.12,5.12,-330,1
2117034612 WeierstrassW1 -0.5,0.5,90,1
853804107 RosenbrockR1 -30,30,390,1
602877685 SchwefelS1 -100,100,-310,0.01
974785051 GriewankG1 -600,600,-180,1
1281393620 RastriginR1 -5.12,5.12,-330,1
290830619 WeierstrassW1 -0.5,0.5,90,1
789464332 RosenbrockR1 -30,30,390,1
1789172760 SchwefelS1 -100,100,-310,0.01
717363510 RastriginS1 -5,5,-211,1
403329255 SphereS1 -100,100,-450,0.001
1313888864 RastriginR1 -5.12,5.12,-330,1
901309184 SphereS1 -100,100,-450,0.001
195262906 SchwefelS1 -100,100,-310,0.01
277638472 RastriginS1 -5,5,-211,1
2117989 WeierstrassW1 -0.5,0.5,90,1
732297594 GriewankG1 -600,600,-180,1
1030869 RosenbrockR1 -30,30,390,1
166333083 WeierstrassW1 -0.5,0.5,90,1
1601514721 GriewankG1 -600,600,-180,1
1712497596 SphereS1 -100,100,-450,0.001
675487518 RosenbrockR1 -30,30,390,1
1222108614 SchwefelS1 -100,100,-310,0.01
1836160774 RastriginS1 -5,5,-211,1
1964084480 RastriginR1 -5.12,5.12,-330,1
509035115 RosenbrockR1 -30,30,390,1
80536224 SphereS1 -100,100,-450,0.001
1006156574 RastriginS1 -5,5,-211,1
591715499 RastriginR1 -5.12,5.12,-330,1
541762671 WeierstrassW1 -0.5,0.5,90,1
1332419441 SchwefelS1 -100,100,-310,0.01
239874385 GriewankG1 -600,600,-180,1
1212916321 WeierstrassW1 -0.5,0.5,90,1
1334517797 RosenbrockR1 -30,30,390,1
706606418 SchwefelS1 -100,100,-310,0.01
1624479697 GriewankG1 -600,600,-180,1
1843809005 RastriginR1 -5.12,5.12,-330,1
787561452 RastriginS1 -5,5,-211,1
1407066867 SphereS1 -100,100,-450,0.001
1382578627 WeierstrassW1 -0.5,0.5,90,1
1195281490 RastriginS1 -5,5,-211,1
1012390860 RosenbrockR1 -30,30,390,1
1765047058 RastriginR1 -5.12,5.12,-330,1
1389685305 SphereS1 -100,100,-450,0.001
1686046529 GriewankG1 -600,600,-180,1
1266501599 SchwefelS1 -100,100,-310,0.01
1193117158 RastriginS1 -5,5,-211,1
1909303232 RosenbrockR1 -30,30,390,1
1465739491 SchwefelS1 -100,100,-310,0.01
2041708723 RastriginR1 -5.12,5.12,-330,1
1777143521 SphereS1 -100,100,-450,0.001
423860660 GriewankG1 -600,600,-180,1
337544178 WeierstrassW1 -0.5,0.5,90,1
1240971457 RosenbrockR1 -30,30,390,1
168656321 SchwefelS1 -100,100,-310,0.01
382851683 RastriginS1 -5,5,-211,1
1923024917 SphereS1 -100,100,-450,0.001
1605125508 RastriginR1 -5.12,5.12,-330,1
2038105378 GriewankG1 -600,600,-180,1
2101137808 WeierstrassW1 -0.5,0.5,90,1
1619154982 SphereS1 -100,100,-450,0.001
2009195604 GriewankG1 -600,600,-180,1
611752313 WeierstrassW1 -0.5,0.5,90,1
1329609780 RosenbrockR1 -30,30,390,1
904978137 RastriginR1 -5.12,5.12,-330,1
1459378720 RastriginS1 -5,5,-211,1
1889210056 SchwefelS1 -100,100,-310,0.01
1768088180 GriewankG1 -600,600,-180,1
408740311 SphereS1 -100,100,-450,0.001
1354372198 WeierstrassW1 -0.5,0.5,90,1
438667268 RastriginS1 -5,5,-211,1
1195820150 SchwefelS1 -100,100,-310,0.01
1119212279 RastriginR1 -5.12,5.12,-330,1
1149339788 RosenbrockR1 -30,30,390,1
894681869 SchwefelS1 -100,100,-310,0.01
2142515428 RastriginR1 -5.12,5.12,-330,1
161301580 RastriginS1 -5,5,-211,1
1227375734 SphereS1 -100,100,-450,0.001
1102375943 GriewankG1 -600,600,-180,1
1737580471 RosenbrockR1 -30,30,390,1
50939625 WeierstrassW1 -0.5,0.5,90,1
820569920 RastriginR1 -5.12,5.12,-330,1
1088777043 SphereS1 -100,100,-450,0.001
1014236174 RosenbrockR1 -30,30,390,1
635450426 GriewankG1 -600,600,-180,1
2056101208 WeierstrassW1 -0.5,0.5,90,1
1610398246 SchwefelS1 -100,100,-310,0.01
1656805358 RastriginS1 -5,5,-211,1
331832295 WeierstrassW1 -0.5,0.5,90,1
1603251872 GriewankG1 -600,600,-180,1
1337530844 SphereS1 -100,100,-450,0.001
2005374981 RosenbrockR1 -30,30,390,1
1947222182 RastriginS1 -5,5,-211,1
301593594 RastriginR1 -5.12,5.12,-330,1
1521145800 SchwefelS1 -100,100,-310,0.01
519475856 RosenbrockR1 -30,30,390,1
1449606501 WeierstrassW1 -0.5,0.5,90,1
1904138670 RastriginS1 -5,5,-211,1
1270774772 SchwefelS1 -100,100,-310,0.01
1863787018 GriewankG1 -600,600,-180,1
471856754 RastriginR1 -5.12,5.12,-330,1
532996669 SphereS1 -100,100,-450,0.001
943836266 SphereS1 -100,100,-450,0.001
806520066 RosenbrockR1 -30,30,390,1
882110084 WeierstrassW1 -0.5,0.5,90,1
1435649810 SchwefelS1 -100,100,-310,0.01
705341820 RastriginS1 -5,5,-211,1
344589094 RastriginR1 -5.12,5.12,-330,1
1978344963 GriewankG1 -600,600,-180,1
750278054 SphereS1 -100,100,-450,0.001
1711773747 RastriginR1 -5.12,5.12,-330,1
1477666501 RosenbrockR1 -30,30,390,1
198396820 RastriginS1 -5,5,-211,1
931722898 SchwefelS1 -100,100,-310,0.01
333315620 WeierstrassW1 -0.5,0.5,90,1
2119143287 GriewankG1 -600,600,-180,1
308961714 RastriginS1 -5,5,-211,1
1511401113 RosenbrockR1 -30,30,390,1
1911177453 GriewankG1 -600,600,-180,1
1889426561 RastriginR1 -5.12,5.12,-330,1
82467608 SchwefelS1 -100,100,-310,0.01
149901205 SphereS1 -100,100,-450,0.001
1526041316 WeierstrassW1 -0.5,0.5,90,1
1048865588 RosenbrockR1 -30,30,390,1
199805570 SchwefelS1 -100,100,-310,0.01
2126767127 RastriginS1 -5,5,-211,1
36139070 GriewankG1 -600,600,-180,1
754158736 SphereS1 -100,100,-450,0.001
1419115959 RastriginR1 -5.12,5.12,-330,1
1217353815 WeierstrassW1 -0.5,0.5,90,1
970909710 GriewankG1 -600,600,-180,1
1181637921 RastriginS1 -5,5,-211,1
1735720041 RosenbrockR1 -30,30,390,1
1487136667 SphereS1 -100,100,-450,0.001
207437191 WeierstrassW1 -0.5,0.5,90,1
1301436751 RastriginR1 -5.12,5.12,-330,1
1231003606 SchwefelS1 -100,100,-310,0.01
926142148 WeierstrassW1 -0.5,0.5,90,1
334870729 RosenbrockR1 -30,30,390,1
449746303 SphereS1 -100,100,-450,0.001
1059557607 RastriginS1 -5,5,-211,1
1204851838 GriewankG1 -600,600,-180,1
462935320 RastriginR1 -5.12,5.12,-330,1
281941685 SchwefelS1 -100,100,-310,0.01
1053908754 RastriginR1 -5.12,5.12,-330,1
525977613 WeierstrassW1 -0.5,0.5,90,1
1102298320 SchwefelS1 -100,100,-310,0.01
330649170 SphereS1 -100,100,-450,0.001
1926308160 GriewankG1 -600,600,-180,1
2134485444 RastriginS1 -5,5,-211,1
1421831383 RosenbrockR1 -30,30,390,1
579323808 SphereS1 -100,100,-450,0.001
764432472 RastriginR1 -5.12,5.12,-330,1
1286865087 SchwefelS1 -100,100,-310,0.01
85622241 RosenbrockR1 -30,30,390,1
1942822318 GriewankG1 -600,600,-180,1
2096109651 WeierstrassW1 -0.5,0.5,90,1
1791697526 RastriginS1 -5,5,-211,1
394751744 WeierstrassW1 -0.5,0.5,90,1
1065702768 SphereS1 -100,100,-450,0.001
1745603320 SchwefelS1 -100,100,-310,0.01
459065181 RastriginR1 -5.12,5.12,-330,1
1857598955 RastriginS1 -5,5,-211,1
1528440944 GriewankG1 -600,600,-180,1
1264687651 RosenbrockR1 -30,30,390,1
1659266914 GriewankG1 -600,600,-180,1
712437809 RosenbrockR1 -30,30,390,1
1226531505 RastriginR1 -5.12,5.12,-330,1
347958079 SphereS1 -100,100,-450,0.001
2036372949 SchwefelS1 -100,100,-310,0.01
1681783239 WeierstrassW1 -0.5,0.5,90,1
1647484942 RastriginS1 -5,5,-211,1
965418454 RosenbrockR1 -30,30,390,1
700619531 SchwefelS1 -100,100,-310,0.01
345402900 RastriginS1 -5,5,-211,1
579613823 WeierstrassW1 -0.5,0.5,90,1
1263099309 RastriginR1 -5.12,5.12,-330,1
2117353589 SphereS1 -100,100,-450,0.001
1855411212 GriewankG1 -600,600,-180,1
875933914 SphereS1 -100,100,-450,0.001
318672149 RosenbrockR1 -30,30,390,1
1818081482 WeierstrassW1 -0.5,0.5,90,1
415102541 RastriginS1 -5,5,-211,1
836996719 SchwefelS1 -100,100,-310,0.01
1581725433 RastriginR1 -5.12,5.12,-330,1
1068182805 GriewankG1 -600,600,-180,1
1019731568 RastriginS1 -5,5,-211,1
1038518673 RosenbrockR1 -30,30,390,1
683607122 WeierstrassW1 -0.5,0.5,90,1
888696847 GriewankG1 -600,600,-180,1
1718239285 SphereS1 -100,100,-450,0.001
1178993961 RastriginR1 -5.12,5.12,-330,1
1204685682 SchwefelS1 -100,100,-310,0.01
404524006 SphereS1 -100,100,-450,0.001
1118967444 GriewankG1 -600,600,-180,1
2049120844 WeierstrassW1 -0.5,0.5,90,1
1639475178 RastriginR1 -5.12,5.12,-330,1
1661729879 RastriginS1 -5,5,-211,1
662951077 RosenbrockR1 -30,30,390,1
1371826460 SchwefelS1 -100,100,-310,0.01
1514762860 RastriginS1 -5,5,-211,1
461559160 RosenbrockR1 -30,30,390,1
793645300 SphereS1 -100,100,-450,0.001
1200420757 SchwefelS1 -100,100,-310,0.01
643357617 GriewankG1 -600,600,-180,1
562081044 RastriginR1 -5.12,5.12,-330,1
2000533647 WeierstrassW1 -0.5,0.5,90,1
578636355 SphereS1 -100,100,-450,0.001
1528810232 RosenbrockR1 -30,30,390,1
957420885 RastriginS1 -5,5,-211,1
468287229 RastriginR1 -5.12,5.12,-330,1
1637402638 WeierstrassW1 -0.5,0.5,90,1
1640150790 SchwefelS1 -100,100,-310,0.01
268334607 GriewankG1 -600,600,-180,1
2144293127 SphereS1 -100,100,-450,0.001
1154865705 SchwefelS1 -100,100,-310,0.01
219295981 WeierstrassW1 -0.5,0.5,90,1
735452164 RosenbrockR1 -30,30,390,1
1919360629 RastriginS1 -5,5,-211,1
1568955562 GriewankG1 -600,600,-180,1
109673202 RastriginR1 -5.12,5.12,-330,1
1433390437 SchwefelS1 -100,100,-310,0.01
757235545 RastriginR1 -5.12,5.12,-330,1
400363152 SphereS1 -100,100,-450,0.001
1697807601 GriewankG1 -600,600,-180,1
1164584325 RosenbrockR1 -30,30,390,1
1528358566 RastriginS1 -5,5,-211,1
563527846 WeierstrassW1 -0.5,0.5,90,1
1302042326 RastriginS1 -5,5,-211,1
1577779397 RastriginR1 -5.12,5.12,-330,1
715430770 WeierstrassW1 -0.5,0.5,90,1
461484626 SphereS1 -100,100,-450,0.001
1906657599 RosenbrockR1 -30,30,390,1
623336157 GriewankG1 -600,600,-180,1
1026885141 SchwefelS1 -100,100,-310,0.01
187929639 GriewankG1 -600,600,-180,1
1035261241 RosenbrockR1 -30,30,390,1
762610312 SphereS1 -100,100,-450,0.001
1200805840 RastriginR1 -5.12,5.12,-330,1
1831831579 WeierstrassW1 -0.5,0.5,90,1
905582789 RastriginS1 -5,5,-211,1
1831125899 SchwefelS1 -100,100,-310,0.01
1524930803 SphereS1 -100,100,-450,0.001
796514750 WeierstrassW1 -0.5,0.5,90,1
702621808 SchwefelS1 -100,100,-310,0.01
1376382449 RastriginR1 -5.12,5.12,-330,1
1626019246 RastriginS1 -5,5,-211,1
1710329811 GriewankG1 -600,600,-180,1
1461098583 RosenbrockR1 -30,30,390,1
679521974 SchwefelS1 -100,100,-310,0.01
982068294 GriewankG1 -600,600,-180,1
535838040 RosenbrockR1 -30,30,390,1
524053474 RastriginS1 -5,5,-211,1
1090088378 WeierstrassW1 -0.5,0.5,90,1
537551399 SphereS1 -100,100,-450,0.001
1733989417 RastriginR1 -5.12,5.12,-330,1
1550106528 SchwefelS1 -100,100,-310,0.01
927674899 RosenbrockR1 -30,30,390,1
2103191587 SphereS1 -100,100,-450,0.001
1515934368 WeierstrassW1 -0.5,0.5,90,1
1532599186 RastriginS1 -5,5,-211,1
2028432803 GriewankG1 -600,600,-180,1
397811871 RastriginR1 -5.12,5.12,-330,1
812797006 RastriginS1 -5,5,-211,1
1787388349 RastriginR1 -5.12,5.12,-330,1
203128478 GriewankG1 -600,600,-180,1
1741986793 WeierstrassW1 -0.5,0.5,90,1
855748155 SchwefelS1 -100,100,-310,0.01
1880507485 RosenbrockR1 -30,30,390,1
1795903378 SphereS1 -100,100,-450,0.001
1202350790 RosenbrockR1 -30,30,390,1
1906709039 SchwefelS1 -100,100,-310,0.01
713325807 RastriginR1 -5.12,5.12,-330,1
2048223272 WeierstrassW1 -0.5,0.5,90,1
1856137603 GriewankG1 -600,600,-180,1
1482578427 RastriginS1 -5,5,-211,1
2126838476 SphereS1 -100,100,-450,0.001
1508346099 WeierstrassW1 -0.5,0.5,90,1
1279720534 SchwefelS1 -100,100,-310,0.01
1441344915 GriewankG1 -600,600,-180,1
969864421 SphereS1 -100,100,-450,0.001
1214117534 RosenbrockR1 -30,30,390,1
1988811127 RastriginR1 -5.12,5.12,-330,1
1628074503 RastriginS1 -5,5,-211,1
892094824 SphereS1 -100,100,-450,0.001
720283248 SchwefelS1 -100,100,-310,0.01
99109792 WeierstrassW1 -0.5,0.5,90,1
1022926933 RastriginR1 -5.12,5.12,-330,1
1832689082 RosenbrockR1 -30,30,390,1
1673793056 GriewankG1 -600,600,-180,1
590689829 RastriginS1 -5,5,-211,1
2065716800 WeierstrassW1 -0.5,0.5,90,1
1690114376 SphereS1 -100,100,-450,0.001
1137159379 RastriginS1 -5,5,-211,1
857802904 SchwefelS1 -100,100,-310,0.01
2024669044 RosenbrockR1 -30,30,390,1
1644232080 GriewankG1 -600,600,-180,1
1053165451 RastriginR1 -5.12,5.12,-330,1
1470114319 SchwefelS1 -100,100,-310,0.01
1974630441 GriewankG1 -600,600,-180,1
650975741 WeierstrassW1 -0.5,0.5,90,1
841728570 SphereS1 -100,100,-450,0.001
162638209 RastriginS1 -5,5,-211,1
2046364986 RastriginR1 -5.12,5.12,-330,1
2001550411 RosenbrockR1 -30,30,390,1
1951919496 SphereS1 -100,100,-450,0.001
325732949 RosenbrockR1 -30,30,390,1
1156513941 RastriginR1 -5.12,5.12,-330,1
338959997 WeierstrassW1 -0.5,0.5,90,1
134892271 RastriginS1 -5,5,-211,1
1651791023 SchwefelS1 -100,100,-310,0.01
1583369793 GriewankG1 -600,600,-180,1
577405760 RastriginS1 -5,5,-211,1
1812871353 RosenbrockR1 -30,30,390,1
1539525357 WeierstrassW1 -0.5,0.5,90,1
1875295128 RastriginR1 -5.12,5.12,-330,1
2073072967 SchwefelS1 -100,100,-310,0.01
1909557067 SphereS1 -100,100,-450,0.001
55955880 GriewankG1 -600,600,-180,1
1930919843 RastriginS1 -5,5,-211,1
263680016 RosenbrockR1 -30,30,390,1
879592627 WeierstrassW1 -0.5,0.5,90,1
1027564083 RastriginR1 -5.12,5.12,-330,1
1640814967 SchwefelS1 -100,100,-310,0.01
1973222256 SphereS1 -100,100,-450,0.001
114734258 GriewankG1 -600,600,-180,1
306448127 SphereS1 -100,100,-450,0.001
1536031604 RastriginR1 -5.12,5.12,-330,1
336239713 WeierstrassW1 -0.5,0.5,90,1
268806896 RastriginS1 -5,5,-211,1
1801989273 SchwefelS1 -100,100,-310,0.01
594306183 GriewankG1 -600,600,-180,1
82374610 RosenbrockR1 -30,30,390,1
1295635901 WeierstrassW1 -0.5,0.5,90,1
918170958 SchwefelS1 -100,100,-310,0.01
1068847530 GriewankG1 -600,600,-180,1
1401257029 SphereS1 -100,100,-450,0.001
1028010040 RastriginS1 -5,5,-211,1
417333071 RastriginR1 -5.12,5.12,-330,1
1662328523 RosenbrockR1 -30,30,390,1
1956003645 WeierstrassW1 -0.5,0.5,90,1
1608458592 GriewankG1 -600,600,-180,1
1409483478 RastriginR1 -5.12,5.12,-330,1
401801969 RastriginS1 -5,5,-211,1
1195977978 RosenbrockR1 -30,30,390,1
1397661696 SphereS1 -100,100,-450,0.001
488792246 SchwefelS1 -100,100,-310,0.01
154912175 RastriginR1 -5.12,5.12,-330,1
618816328 RastriginS1 -5,5,-211,1
1730609859 WeierstrassW1 -0.5,0.5,90,1
1532618857 SphereS1 -100,100,-450,0.001
523542350 GriewankG1 -600,600,-180,1
1223525054 SchwefelS1 -100,100,-310,0.01
670357010 RosenbrockR1 -30,30,390,1
1859588019 RastriginS1 -5,5,-211,1
288698134 RastriginR1 -5.12,5.12,-330,1
1425590820 GriewankG1 -600,600,-180,1
1460582736 SchwefelS1 -100,100,-310,0.01
732151197 RosenbrockR1 -30,30,390,1
450005204 WeierstrassW1 -0.5,0.5,90,1
321321389 SphereS1 -100,100,-450,0.001
772489453 RosenbrockR1 -30,30,390,1
646088405 RastriginS1 -5,5,-211,1
1957386078 SphereS1 -100,100,-450,0.001
496603327 GriewankG1 -600,600,-180,1
2147015184 RastriginR1 -5.12,5.12,-330,1
463955615 WeierstrassW1 -0.5,0.5,90,1
1430720452 SchwefelS1 -100,100,-310,0.01
1146185616 WeierstrassW1 -0.5,0.5,90,1
996535581 SphereS1 -100,100,-450,0.001
1248766941 RastriginR1 -5.12,5.12,-330,1
1650154611 GriewankG1 -600,600,-180,1
85068424 RosenbrockR1 -30,30,390,1
908808376 RastriginS1 -5,5,-211,1
499601947 SchwefelS1 -100,100,-310,0.01
1015536348 RastriginS1 -5,5,-211,1
2089986467 RosenbrockR1 -30,30,390,1
162710879 RastriginR1 -5.12,5.12,-330,1
837298528 SchwefelS1 -100,100,-310,0.01
1767739739 WeierstrassW1 -0.5,0.5,90,1
1510796104 SphereS1 -100,100,-450,0.001
818682876 GriewankG1 -600,600,-180,1
116800379 RosenbrockR1 -30,30,390,1
1425147297 RastriginR1 -5.12,5.12,-330,1
258497330 GriewankG1 -600,600,-180,1
1219694688 SphereS1 -100,100,-450,0.001
420094885 WeierstrassW1 -0.5,0.5,90,1
1932294939 RastriginS1 -5,5,-211,1
641959186 SchwefelS1 -100,100,-310,0.01
1383757101 WeierstrassW1 -0.5,0.5,90,1
496270691 RosenbrockR1 -30,30,390,1
223115209 RastriginR1 -5.12,5.12,-330,1
1898826483 SphereS1 -100,100,-450,0.001
489494774 RastriginS1 -5,5,-211,1
1728383375 GriewankG1 -600,600,-180,1
840246462 SchwefelS1 -100,100,-310,0.01
55960488 RastriginR1 -5.12,5.12,-330,1
2002538894 RosenbrockR1 -30,30,390,1
1363557675 WeierstrassW1 -0.5,0.5,90,1
384695892 RastriginS1 -5,5,-211,1
967485653 GriewankG1 -600,600,-180,1
2046960824 SphereS1 -100,100,-450,0.001
663217623 SchwefelS1 -100,100,-310,0.01
677582220 RastriginR1 -5.12,5.12,-330,1
167394859 SchwefelS1 -100,100,-310,0.01
208968563 RosenbrockR1 -30,30,390,1
1549280534 SphereS1 -100,100,-450,0.001
299125609 GriewankG1 -600,600,-180,1
1649001087 WeierstrassW1 -0.5,0.5,90,1
1207689492 RastriginS1 -5,5,-211,1
711284185 RastriginR1 -5.12,5.12,-330,1
540885090 WeierstrassW1 -0.5,0.5,90,1
1952991262 GriewankG1 -600,600,-180,1
1138687427 SphereS1 -100,100,-450,0.001
496175493 RosenbrockR1 -30,30,390,1
1258901553 SchwefelS1 -100,100,-310,0.01
1960225214 RastriginS1 -5,5,-211,1
1108823638 RosenbrockR1 -30,30,390,1
564185998 WeierstrassW1 -0.5,0.5,90,1
1790749958 SchwefelS1 -100,100,-310,0.01
1296462900 GriewankG1 -600,600,-180,1
640405313 RastriginS1 -5,5,-211,1
1136816208 RastriginR1 -5.12,5.12,-330,1
1712691897 SphereS1 -100,100,-450,0.001
768860075 RastriginS1 -5,5,-211,1
305992840 RosenbrockR1 -30,30,390,1
2066425145 WeierstrassW1 -0.5,0.5,90,1
1667193854 RastriginR1 -5.12,5.12,-330,1
1677025186 SphereS1 -100,100,-450,0.001
263717011 SchwefelS1 -100,100,-310,0.01
1638065391 GriewankG1 -600,600,-180,1
1742823036 SchwefelS1 -100,100,-310,0.01
1673336927 WeierstrassW1 -0.5,0.5,90,1
2145027795 RosenbrockR1 -30,30,390,1
1912380922 SphereS1 -100,100,-450,0.001
283826581 RastriginR1 -5.12,5.12,-330,1
634391922 GriewankG1 -600,600,-180,1
83373908 RastriginS1 -5,5,-211,1
91674486 RastriginS1 -5,5,-211,1
103827116 RosenbrockR1 -30,30,390,1
1025007932 SphereS1 -100,100,-450,0.001
381405693 RastriginR1 -5.12,5.12,-330,1
1409556799 WeierstrassW1 -0.5,0.5,90,1
1615399872 SchwefelS1 -100,100,-310,0.01
300538353 GriewankG1 -600,600,-180,1
1820485741 RastriginS1 -5,5,-211,1
2109378744 RastriginR1 -5.12,5.12,-330,1
1069050439 SchwefelS1 -100,100,-310,0.01
1659392870 GriewankG1 -600,600,-180,1
1148813711 WeierstrassW1 -0.5,0.5,90,1
1683534518 RosenbrockR1 -30,30,390,1
379468642 SphereS1 -100,100,-450,0.001
814178028 GriewankG1 -600,600,-180,1
1572787896 SchwefelS1 -100,100,-310,0.01
1959755204 SphereS1 -100,100,-450,0.001
324873478 RastriginS1 -5,5,-211,1
24345115 RastriginR1 -5.12,5.12,-330,1
2031557256 RosenbrockR1 -30,30,390,1
1780070892 WeierstrassW1 -0.5,0.5,90,1
850023279 SphereS1 -100,100,-450,0.001
1644457180 SchwefelS1 -100,100,-310,0.01
584592843 WeierstrassW1 -0.5,0.5,90,1
1139590237 RastriginR1 -5.12,5.12,-330,1
1975901475 RosenbrockR1 -30,30,390,1
894221237 GriewankG1 -600,600,-180,1
985007970 RastriginS1 -5,5,-211,1
446752474 WeierstrassW1 -0.5,0.5,90,1
1975501491 RastriginR1 -5.12,5.12,-330,1
1010009152 SchwefelS1 -100,100,-310,0.01
824085780 SphereS1 -100,100,-450,0.001
749384372 GriewankG1 -600,600,-180,1
1818836748 RosenbrockR1 -30,30,390,1
510780421 RastriginS1 -5,5,-211,1
2058010916 SchwefelS1 -100,100,-310,0.01
1533086983 RosenbrockR1 -30,30,390,1
1113717436 GriewankG1 -600,600,-180,1
106791896 WeierstrassW1 -0.5,0.5,90,1
572065187 RastriginR1 -5.12,5.12,-330,1
228320658 SphereS1 -100,100,-450,0.001
660088905 RastriginS1 -5,5,-211,1
1235079441 RastriginS1 -5,5,-211,1
600841644 RastriginR1 -5.12,5.12,-330,1
1060556756 RosenbrockR1 -30,30,390,1
534232178 SchwefelS1 -100,100,-310,0.01
230062303 SphereS1 -100,100,-450,0.001
1074947272 GriewankG1 -600,600,-180,1
1564282185 WeierstrassW1 -0.5,0.5,90,1
515979488 SchwefelS1 -100,100,-310,0.01
1170662150 WeierstrassW1 -0.5,0.5,90,1
961825845 SphereS1 -100,100,-450,0.001
906391268 RosenbrockR1 -30,30,390,1
485292001 RastriginS1 -5,5,-211,1
811905971 GriewankG1 -600,600,-180,1
1995616271 RastriginR1 -5.12,5.12,-330,1
198762388 SphereS1 -100,100,-450,0.001
737663440 RastriginR1 -5.12,5.12,-330,1
475363197 SchwefelS1 -100,100,-310,0.01
1993682736 WeierstrassW1 -0.5,0.5,90,1
2034845108 GriewankG1 -600,600,-180,1
756939553 RastriginS1 -5,5,-211,1
1747215708 RosenbrockR1 -30,30,390,1
1117605820 WeierstrassW1 -0.5,0.5,90,1
989646946 RosenbrockR1 -30,30,390,1
171122773 SchwefelS1 -100,100,-310,0.01
1122429122 SphereS1 -100,100,-450,0.001
14834134 GriewankG1 -600,600,-180,1
1682363844 RastriginS1 -5,5,-211,1
2119330294 RastriginR1 -5.12,5.12,-330,1
1367077406 RastriginR1 -5.12,5.12,-330,1
758272388 RosenbrockR1 -30,30,390,1
636199354 SphereS1 -100,100,-450,0.001
1264004242 RastriginS1 -5,5,-211,1
401183256 WeierstrassW1 -0.5,0.5,90,1
886419724 GriewankG1 -600,600,-180,1
1181997101 SchwefelS1 -100,100,-310,0.01
725377854 SchwefelS1 -100,100,-310,0.01
1759167287 RastriginR1 -5.12,5.12,-330,1
419315737 WeierstrassW1 -0.5,0.5,90,1
829266216 GriewankG1 -600,600,-180,1
38217069 RosenbrockR1 -30,30,390,1
1828246248 SphereS1 -100,100,-450,0.001
45869355 RastriginS1 -5,5,-211,1
447088700 RastriginR1 -5.12,5.12,-330,1
1990062009 RastriginS1 -5,5,-211,1
1015361005 RosenbrockR1 -30,30,390,1
1778535395 WeierstrassW1 -0.5,0.5,90,1
162583937 SchwefelS1 -100,100,-310,0.01
277019462 SphereS1 -100,100,-450,0.001
648806313 GriewankG1 -600,600,-180,1
1055218597 GriewankG1 -600,600,-180,1
1530974327 RastriginR1 -5.12,5.12,-330,1
1293231593 RosenbrockR1 -30,30,390,1
213526976 SchwefelS1 -100,100,-310,0.01
1889221040 WeierstrassW1 -0.5,0.5,90,1
348000701 RastriginS1 -5,5,-211,1
465286589 SphereS1 -100,100,-450,0.001
23975811 SphereS1 -100,100,-450,0.001
356796423 RosenbrockR1 -30,30,390,1
753124863 RastriginR1 -5.12,5.12,-330,1
937535141 SchwefelS1 -100,100,-310,0.01
2056214112 WeierstrassW1 -0.5,0.5,90,1
864122434 RastriginS1 -5,5,-211,1
1304308801 GriewankG1 -600,600,-180,1
185666170 SphereS1 -100,100,-450,0.001
1055395139 RosenbrockR1 -30,30,390,1
1421921136 RastriginR1 -5.12,5.12,-330,1
1884900170 RastriginS1 -5,5,-211,1
1368179070 GriewankG1 -600,600,-180,1
312984349 SchwefelS1 -100,100,-310,0.01
399527754 WeierstrassW1 -0.5,0.5,90,1
2093569907 SphereS1 -100,100,-450,0.001
1344965880 SchwefelS1 -100,100,-310,0.01
1512841453 GriewankG1 -600,600,-180,1
584440259 RastriginR1 -5.12,5.12,-330,1
1463027636 RastriginS1 -5,5,-211,1
1975125649 WeierstrassW1 -0.5,0.5,90,1
1216775544 RosenbrockR1 -30,30,390,1
1980615020 RosenbrockR1 -30,30,390,1
1272526961 RastriginS1 -5,5,-211,1
210200541 GriewankG1 -600,600,-180,1
260575912 SphereS1 -100,100,-450,0.001
261293406 SchwefelS1 -100,100,-310,0.01
1189939990 WeierstrassW1 -0.5,0.5,90,1
1461789726 RastriginR1 -5.12,5.12,-330,1
748440890 SphereS1 -100,100,-450,0.001
1265715066 RastriginS1 -5,5,-211,1
1356695371 RastriginR1 -5.12,5.12,-330,1
1623993446 WeierstrassW1 -0.5,0.5,90,1
1134040787 SchwefelS1 -100,100,-310,0.01
1695672597 GriewankG1 -600,600,-180,1
90475535 RosenbrockR1 -30,30,390,1
1709537602 GriewankG1 -600,600,-180,1
1461300983 WeierstrassW1 -0.5,0.5,90,1
336246801 RastriginR1 -5.12,5.12,-330,1
497401432 RastriginS1 -5,5,-211,1
1693163483 SphereS1 -100,100,-450,0.001
